Temperature (K)	Pressure (atm)	Density (g/ml)	Volume (ml/g)	Internal Energy (kcal/mol)	Enthalpy (kcal/mol)	Entropy (cal/mol*K)	Cv (cal/mol*K)	Cp (cal/mol*K)	Sound Spd. (m/s)	Joule-Thomson (F/atm)	Viscosity (cP)	Therm. Cond. (W/m*K)	Phase
100.00	0.0000	0.0000	infinite	1.5079	1.7066	-2.3900e+06	4.9712	6.9584	175.01	undefined	0.0083585	0.0087823	vapor
100.00	0.16667	0.00077436	1291.4	1.5064	1.7044	23.450	4.9900	7.0067	174.70	3.3004	0.0083478	0.0087775	vapor
100.00	0.33333	0.0015540	643.50	1.5049	1.7023	22.058	5.0088	7.0556	174.38	3.2913	0.0083377	0.0087728	vapor
100.00	0.50000	0.0023390	427.53	1.5034	1.7001	21.237	5.0277	7.1050	174.06	3.2825	0.0083283	0.0087684	vapor
100.00	0.66667	0.0031295	319.54	1.5019	1.6980	20.650	5.0466	7.1550	173.74	3.2739	0.0083194	0.0087641	vapor
100.00	0.83333	0.0039255	254.75	1.5005	1.6958	20.192	5.0656	7.2055	173.41	3.2656	0.0083111	0.0087601	vapor
100.00	1.0000	0.0047272	211.54	1.4990	1.6936	19.815	5.0846	7.2567	173.08	3.2575	0.0083035	0.0087564	vapor
100.00	1.1667	0.0055346	180.68	1.4975	1.6914	19.493	5.1037	7.3086	172.75	3.2496	0.0082965	0.0087529	vapor
100.00	1.3333	0.0063479	157.53	1.4959	1.6892	19.213	5.1229	7.3611	172.42	3.2420	0.0082901	0.0087496	vapor
100.00	1.5000	0.0071672	139.52	1.4944	1.6870	18.963	5.1421	7.4143	172.08	3.2347	0.0082843	0.0087466	vapor
100.00	1.6667	0.0079926	125.12	1.4929	1.6848	18.738	5.1614	7.4683	171.74	3.2276	0.0082791	0.0087439	vapor
100.00	1.8333	0.0088241	113.33	1.4914	1.6825	18.533	5.1808	7.5230	171.40	3.2208	0.0082747	0.0087415	vapor
100.00	2.0000	0.0096621	103.50	1.4898	1.6803	18.345	5.2003	7.5785	171.05	3.2142	0.0082708	0.0087393	vapor
100.00	2.1667	0.010506	95.179	1.4883	1.6780	18.170	5.2199	7.6349	170.70	3.2079	0.0082676	0.0087375	vapor
100.00	2.3333	0.011357	88.048	1.4867	1.6758	18.007	5.2396	7.6922	170.35	3.2018	0.0082651	0.0087360	vapor
100.00	2.5000	0.012215	81.865	1.4851	1.6735	17.854	5.2594	7.7504	170.00	3.1960	0.0082632	0.0087348	vapor
100.00	2.6667	0.013080	76.454	1.4836	1.6712	17.710	5.2794	7.8096	169.64	3.1904	0.0082620	0.0087339	vapor
100.00	2.8333	0.013951	71.677	1.4820	1.6689	17.573	5.2995	7.8698	169.27	3.1851	0.0082615	0.0087334	vapor
100.00	3.0000	0.014830	67.430	1.4804	1.6665	17.443	5.3197	7.9311	168.91	3.1801	0.0082617	0.0087333	vapor
100.00	3.1667	0.015716	63.627	1.4788	1.6642	17.319	5.3401	7.9935	168.54	3.1753	0.0082625	0.0087336	vapor
100.00	3.3333	0.016610	60.204	1.4772	1.6618	17.201	5.3606	8.0571	168.17	3.1708	0.0082641	0.0087342	vapor
100.00	3.5000	0.017512	57.105	1.4755	1.6594	17.087	5.3814	8.1219	167.79	3.1665	0.0082663	0.0087353	vapor
100.00	3.6667	0.018421	54.286	1.4739	1.6571	16.978	5.4023	8.1880	167.41	3.1625	0.0082693	0.0087368	vapor
100.00	3.8333	0.019338	51.711	1.4723	1.6547	16.872	5.4234	8.2555	167.03	3.1588	0.0082730	0.0087387	vapor
100.00	4.0000	0.020264	49.349	1.4706	1.6522	16.771	5.4447	8.3245	166.64	3.1554	0.0082775	0.0087411	vapor
100.00	4.1667	0.021198	47.174	1.4689	1.6498	16.672	5.4663	8.3950	166.24	3.1523	0.0082826	0.0087440	vapor
100.00	4.2192	0.021494	46.524	1.4684	1.6490	16.642	5.4732	8.4176	166.12	3.1514	0.0082844	0.0087451	vapor
100.00	4.2192	1.3900	0.71943	0.20797	0.21076	2.2594	7.0584	14.398	692.27	-0.034218	0.15013	0.11056	liquid
100.00	4.3333	1.3900	0.71940	0.20792	0.21079	2.2590	7.0585	14.397	692.35	-0.034231	0.15015	0.11057	liquid
100.00	4.5000	1.3901	0.71937	0.20786	0.21084	2.2583	7.0587	14.396	692.46	-0.034250	0.15019	0.11059	liquid
100.00	4.6667	1.3902	0.71933	0.20779	0.21088	2.2577	7.0589	14.394	692.58	-0.034269	0.15022	0.11060	liquid
100.00	4.8333	1.3903	0.71929	0.20773	0.21093	2.2570	7.0590	14.393	692.69	-0.034288	0.15025	0.11062	liquid
100.00	5.0000	1.3903	0.71926	0.20766	0.21097	2.2564	7.0592	14.391	692.80	-0.034307	0.15028	0.11063	liquid
100.00	5.1667	1.3904	0.71922	0.20760	0.21102	2.2557	7.0594	14.389	692.92	-0.034326	0.15031	0.11064	liquid
100.00	5.3333	1.3905	0.71918	0.20753	0.21106	2.2551	7.0596	14.388	693.03	-0.034345	0.15034	0.11066	liquid
100.00	5.5000	1.3905	0.71914	0.20747	0.21111	2.2545	7.0598	14.386	693.14	-0.034364	0.15038	0.11067	liquid
100.00	5.6667	1.3906	0.71911	0.20741	0.21116	2.2538	7.0600	14.385	693.26	-0.034383	0.15041	0.11069	liquid
100.00	5.8333	1.3907	0.71907	0.20734	0.21120	2.2532	7.0602	14.383	693.37	-0.034401	0.15044	0.11070	liquid
100.00	6.0000	1.3908	0.71903	0.20728	0.21125	2.2525	7.0603	14.382	693.48	-0.034420	0.15047	0.11071	liquid
100.00	6.1667	1.3908	0.71900	0.20721	0.21129	2.2519	7.0605	14.380	693.60	-0.034439	0.15050	0.11073	liquid
100.00	6.3333	1.3909	0.71896	0.20715	0.21134	2.2512	7.0607	14.379	693.71	-0.034458	0.15053	0.11074	liquid
100.00	6.5000	1.3910	0.71892	0.20708	0.21138	2.2506	7.0609	14.377	693.82	-0.034477	0.15057	0.11075	liquid
100.00	6.6667	1.3910	0.71889	0.20702	0.21143	2.2499	7.0611	14.375	693.94	-0.034495	0.15060	0.11077	liquid
100.00	6.8333	1.3911	0.71885	0.20696	0.21148	2.2493	7.0613	14.374	694.05	-0.034514	0.15063	0.11078	liquid
100.00	7.0000	1.3912	0.71881	0.20689	0.21152	2.2487	7.0614	14.372	694.16	-0.034533	0.15066	0.11080	liquid
100.00	7.1667	1.3913	0.71878	0.20683	0.21157	2.2480	7.0616	14.371	694.28	-0.034552	0.15069	0.11081	liquid
100.00	7.3333	1.3913	0.71874	0.20676	0.21161	2.2474	7.0618	14.369	694.39	-0.034570	0.15072	0.11082	liquid
100.00	7.5000	1.3914	0.71870	0.20670	0.21166	2.2467	7.0620	14.368	694.50	-0.034589	0.15076	0.11084	liquid
100.00	7.6667	1.3915	0.71867	0.20664	0.21171	2.2461	7.0622	14.366	694.62	-0.034608	0.15079	0.11085	liquid
100.00	7.8333	1.3915	0.71863	0.20657	0.21175	2.2454	7.0624	14.365	694.73	-0.034626	0.15082	0.11086	liquid
100.00	8.0000	1.3916	0.71859	0.20651	0.21180	2.2448	7.0626	14.363	694.84	-0.034645	0.15085	0.11088	liquid
100.00	8.1667	1.3917	0.71855	0.20644	0.21184	2.2442	7.0627	14.362	694.95	-0.034663	0.15088	0.11089	liquid
100.00	8.3333	1.3918	0.71852	0.20638	0.21189	2.2435	7.0629	14.360	695.07	-0.034682	0.15091	0.11091	liquid
100.00	8.5000	1.3918	0.71848	0.20632	0.21194	2.2429	7.0631	14.359	695.18	-0.034700	0.15094	0.11092	liquid
100.00	8.6667	1.3919	0.71844	0.20625	0.21198	2.2422	7.0633	14.357	695.29	-0.034719	0.15098	0.11093	liquid
100.00	8.8333	1.3920	0.71841	0.20619	0.21203	2.2416	7.0635	14.356	695.41	-0.034738	0.15101	0.11095	liquid
100.00	9.0000	1.3920	0.71837	0.20613	0.21208	2.2410	7.0637	14.354	695.52	-0.034756	0.15104	0.11096	liquid
100.00	9.1667	1.3921	0.71833	0.20606	0.21212	2.2403	7.0639	14.353	695.63	-0.034774	0.15107	0.11098	liquid
100.00	9.3333	1.3922	0.71830	0.20600	0.21217	2.2397	7.0640	14.351	695.74	-0.034793	0.15110	0.11099	liquid
100.00	9.5000	1.3922	0.71826	0.20594	0.21221	2.2390	7.0642	14.350	695.86	-0.034811	0.15113	0.11100	liquid
100.00	9.6667	1.3923	0.71823	0.20587	0.21226	2.2384	7.0644	14.348	695.97	-0.034830	0.15117	0.11102	liquid
100.00	9.8333	1.3924	0.71819	0.20581	0.21231	2.2378	7.0646	14.346	696.08	-0.034848	0.15120	0.11103	liquid
100.00	10.000	1.3925	0.71815	0.20574	0.21235	2.2371	7.0648	14.345	696.19	-0.034867	0.15123	0.11104	liquid
100.00	10.167	1.3925	0.71812	0.20568	0.21240	2.2365	7.0650	14.343	696.30	-0.034885	0.15126	0.11106	liquid
100.00	10.333	1.3926	0.71808	0.20562	0.21245	2.2359	7.0651	14.342	696.42	-0.034903	0.15129	0.11107	liquid
100.00	10.500	1.3927	0.71804	0.20555	0.21249	2.2352	7.0653	14.340	696.53	-0.034922	0.15132	0.11109	liquid
100.00	10.667	1.3927	0.71801	0.20549	0.21254	2.2346	7.0655	14.339	696.64	-0.034940	0.15136	0.11110	liquid
100.00	10.833	1.3928	0.71797	0.20543	0.21258	2.2339	7.0657	14.337	696.75	-0.034958	0.15139	0.11111	liquid
100.00	11.000	1.3929	0.71793	0.20536	0.21263	2.2333	7.0659	14.336	696.86	-0.034977	0.15142	0.11113	liquid
100.00	11.167	1.3930	0.71790	0.20530	0.21268	2.2327	7.0661	14.334	696.98	-0.034995	0.15145	0.11114	liquid
100.00	11.333	1.3930	0.71786	0.20524	0.21272	2.2320	7.0662	14.333	697.09	-0.035013	0.15148	0.11115	liquid
100.00	11.500	1.3931	0.71782	0.20517	0.21277	2.2314	7.0664	14.331	697.20	-0.035031	0.15151	0.11117	liquid
100.00	11.667	1.3932	0.71779	0.20511	0.21282	2.2308	7.0666	14.330	697.31	-0.035050	0.15154	0.11118	liquid
100.00	11.833	1.3932	0.71775	0.20505	0.21286	2.2301	7.0668	14.328	697.42	-0.035068	0.15158	0.11120	liquid
100.00	12.000	1.3933	0.71772	0.20498	0.21291	2.2295	7.0670	14.327	697.54	-0.035086	0.15161	0.11121	liquid
100.00	12.167	1.3934	0.71768	0.20492	0.21296	2.2288	7.0672	14.326	697.65	-0.035104	0.15164	0.11122	liquid
100.00	12.333	1.3934	0.71764	0.20486	0.21300	2.2282	7.0674	14.324	697.76	-0.035122	0.15167	0.11124	liquid
100.00	12.500	1.3935	0.71761	0.20480	0.21305	2.2276	7.0675	14.323	697.87	-0.035140	0.15170	0.11125	liquid
100.00	12.667	1.3936	0.71757	0.20473	0.21310	2.2269	7.0677	14.321	697.98	-0.035158	0.15173	0.11126	liquid
100.00	12.833	1.3937	0.71753	0.20467	0.21314	2.2263	7.0679	14.320	698.09	-0.035177	0.15176	0.11128	liquid
100.00	13.000	1.3937	0.71750	0.20461	0.21319	2.2257	7.0681	14.318	698.20	-0.035195	0.15180	0.11129	liquid
100.00	13.167	1.3938	0.71746	0.20454	0.21324	2.2250	7.0683	14.317	698.32	-0.035213	0.15183	0.11131	liquid
100.00	13.333	1.3939	0.71743	0.20448	0.21328	2.2244	7.0685	14.315	698.43	-0.035231	0.15186	0.11132	liquid
100.00	13.500	1.3939	0.71739	0.20442	0.21333	2.2238	7.0686	14.314	698.54	-0.035249	0.15189	0.11133	liquid
100.00	13.667	1.3940	0.71735	0.20436	0.21338	2.2231	7.0688	14.312	698.65	-0.035267	0.15192	0.11135	liquid
100.00	13.833	1.3941	0.71732	0.20429	0.21342	2.2225	7.0690	14.311	698.76	-0.035285	0.15195	0.11136	liquid
100.00	14.000	1.3942	0.71728	0.20423	0.21347	2.2219	7.0692	14.309	698.87	-0.035303	0.15198	0.11137	liquid
100.00	14.167	1.3942	0.71725	0.20417	0.21352	2.2212	7.0694	14.308	698.98	-0.035321	0.15202	0.11139	liquid
100.00	14.333	1.3943	0.71721	0.20410	0.21356	2.2206	7.0696	14.306	699.09	-0.035339	0.15205	0.11140	liquid
100.00	14.500	1.3944	0.71717	0.20404	0.21361	2.2200	7.0697	14.305	699.20	-0.035357	0.15208	0.11141	liquid
100.00	14.667	1.3944	0.71714	0.20398	0.21366	2.2194	7.0699	14.303	699.32	-0.035374	0.15211	0.11143	liquid
100.00	14.833	1.3945	0.71710	0.20392	0.21370	2.2187	7.0701	14.302	699.43	-0.035392	0.15214	0.11144	liquid
100.00	15.000	1.3946	0.71707	0.20385	0.21375	2.2181	7.0703	14.300	699.54	-0.035410	0.15217	0.11146	liquid
100.00	15.167	1.3946	0.71703	0.20379	0.21380	2.2175	7.0705	14.299	699.65	-0.035428	0.15221	0.11147	liquid
100.00	15.333	1.3947	0.71699	0.20373	0.21384	2.2168	7.0706	14.298	699.76	-0.035446	0.15224	0.11148	liquid
100.00	15.500	1.3948	0.71696	0.20367	0.21389	2.2162	7.0708	14.296	699.87	-0.035464	0.15227	0.11150	liquid
100.00	15.667	1.3948	0.71692	0.20360	0.21394	2.2156	7.0710	14.295	699.98	-0.035482	0.15230	0.11151	liquid
100.00	15.833	1.3949	0.71689	0.20354	0.21399	2.2149	7.0712	14.293	700.09	-0.035499	0.15233	0.11152	liquid
100.00	16.000	1.3950	0.71685	0.20348	0.21403	2.2143	7.0714	14.292	700.20	-0.035517	0.15236	0.11154	liquid
100.00	16.167	1.3951	0.71682	0.20342	0.21408	2.2137	7.0716	14.290	700.31	-0.035535	0.15239	0.11155	liquid
100.00	16.333	1.3951	0.71678	0.20335	0.21413	2.2131	7.0717	14.289	700.42	-0.035553	0.15243	0.11156	liquid
100.00	16.500	1.3952	0.71674	0.20329	0.21417	2.2124	7.0719	14.287	700.53	-0.035570	0.15246	0.11158	liquid
100.00	16.667	1.3953	0.71671	0.20323	0.21422	2.2118	7.0721	14.286	700.64	-0.035588	0.15249	0.11159	liquid
100.00	16.833	1.3953	0.71667	0.20317	0.21427	2.2112	7.0723	14.284	700.75	-0.035606	0.15252	0.11161	liquid
100.00	17.000	1.3954	0.71664	0.20310	0.21431	2.2105	7.0725	14.283	700.87	-0.035623	0.15255	0.11162	liquid
100.00	17.167	1.3955	0.71660	0.20304	0.21436	2.2099	7.0726	14.282	700.98	-0.035641	0.15258	0.11163	liquid
100.00	17.333	1.3955	0.71657	0.20298	0.21441	2.2093	7.0728	14.280	701.09	-0.035659	0.15261	0.11165	liquid
100.00	17.500	1.3956	0.71653	0.20292	0.21446	2.2087	7.0730	14.279	701.20	-0.035676	0.15264	0.11166	liquid
100.00	17.667	1.3957	0.71649	0.20286	0.21450	2.2080	7.0732	14.277	701.31	-0.035694	0.15268	0.11167	liquid
100.00	17.833	1.3958	0.71646	0.20279	0.21455	2.2074	7.0734	14.276	701.42	-0.035712	0.15271	0.11169	liquid
100.00	18.000	1.3958	0.71642	0.20273	0.21460	2.2068	7.0736	14.274	701.53	-0.035729	0.15274	0.11170	liquid
100.00	18.167	1.3959	0.71639	0.20267	0.21465	2.2061	7.0737	14.273	701.64	-0.035747	0.15277	0.11171	liquid
100.00	18.333	1.3960	0.71635	0.20261	0.21469	2.2055	7.0739	14.272	701.75	-0.035764	0.15280	0.11173	liquid
100.00	18.500	1.3960	0.71632	0.20255	0.21474	2.2049	7.0741	14.270	701.86	-0.035782	0.15283	0.11174	liquid
100.00	18.667	1.3961	0.71628	0.20248	0.21479	2.2043	7.0743	14.269	701.97	-0.035799	0.15286	0.11176	liquid
100.00	18.833	1.3962	0.71625	0.20242	0.21483	2.2036	7.0745	14.267	702.08	-0.035817	0.15290	0.11177	liquid
100.00	19.000	1.3962	0.71621	0.20236	0.21488	2.2030	7.0746	14.266	702.19	-0.035834	0.15293	0.11178	liquid
100.00	19.167	1.3963	0.71618	0.20230	0.21493	2.2024	7.0748	14.264	702.30	-0.035852	0.15296	0.11180	liquid
100.00	19.333	1.3964	0.71614	0.20224	0.21498	2.2018	7.0750	14.263	702.41	-0.035869	0.15299	0.11181	liquid
100.00	19.500	1.3964	0.71610	0.20217	0.21502	2.2011	7.0752	14.262	702.52	-0.035887	0.15302	0.11182	liquid
100.00	19.667	1.3965	0.71607	0.20211	0.21507	2.2005	7.0754	14.260	702.63	-0.035904	0.15305	0.11184	liquid
100.00	19.833	1.3966	0.71603	0.20205	0.21512	2.1999	7.0755	14.259	702.74	-0.035921	0.15308	0.11185	liquid
100.00	20.000	1.3967	0.71600	0.20199	0.21517	2.1993	7.0757	14.257	702.85	-0.035939	0.15312	0.11186	liquid
100.00	20.167	1.3967	0.71596	0.20193	0.21521	2.1986	7.0759	14.256	702.95	-0.035956	0.15315	0.11188	liquid
100.00	20.333	1.3968	0.71593	0.20187	0.21526	2.1980	7.0761	14.254	703.06	-0.035973	0.15318	0.11189	liquid
100.00	20.500	1.3969	0.71589	0.20180	0.21531	2.1974	7.0763	14.253	703.17	-0.035991	0.15321	0.11190	liquid
100.00	20.667	1.3969	0.71586	0.20174	0.21536	2.1968	7.0764	14.252	703.28	-0.036008	0.15324	0.11192	liquid
100.00	20.833	1.3970	0.71582	0.20168	0.21540	2.1962	7.0766	14.250	703.39	-0.036025	0.15327	0.11193	liquid
100.00	21.000	1.3971	0.71579	0.20162	0.21545	2.1955	7.0768	14.249	703.50	-0.036043	0.15330	0.11195	liquid
100.00	21.167	1.3971	0.71575	0.20156	0.21550	2.1949	7.0770	14.247	703.61	-0.036060	0.15333	0.11196	liquid
100.00	21.333	1.3972	0.71572	0.20150	0.21555	2.1943	7.0772	14.246	703.72	-0.036077	0.15337	0.11197	liquid
100.00	21.500	1.3973	0.71568	0.20143	0.21559	2.1937	7.0773	14.245	703.83	-0.036094	0.15340	0.11199	liquid
100.00	21.667	1.3973	0.71565	0.20137	0.21564	2.1930	7.0775	14.243	703.94	-0.036112	0.15343	0.11200	liquid
100.00	21.833	1.3974	0.71561	0.20131	0.21569	2.1924	7.0777	14.242	704.05	-0.036129	0.15346	0.11201	liquid
100.00	22.000	1.3975	0.71558	0.20125	0.21574	2.1918	7.0779	14.240	704.16	-0.036146	0.15349	0.11203	liquid
100.00	22.167	1.3975	0.71554	0.20119	0.21578	2.1912	7.0780	14.239	704.27	-0.036163	0.15352	0.11204	liquid
100.00	22.333	1.3976	0.71551	0.20113	0.21583	2.1906	7.0782	14.238	704.38	-0.036180	0.15355	0.11205	liquid
100.00	22.500	1.3977	0.71547	0.20107	0.21588	2.1899	7.0784	14.236	704.49	-0.036198	0.15359	0.11207	liquid
100.00	22.667	1.3977	0.71544	0.20101	0.21593	2.1893	7.0786	14.235	704.59	-0.036215	0.15362	0.11208	liquid
100.00	22.833	1.3978	0.71540	0.20094	0.21598	2.1887	7.0788	14.233	704.70	-0.036232	0.15365	0.11209	liquid
100.00	23.000	1.3979	0.71537	0.20088	0.21602	2.1881	7.0789	14.232	704.81	-0.036249	0.15368	0.11211	liquid
100.00	23.167	1.3980	0.71533	0.20082	0.21607	2.1875	7.0791	14.231	704.92	-0.036266	0.15371	0.11212	liquid
100.00	23.333	1.3980	0.71530	0.20076	0.21612	2.1868	7.0793	14.229	705.03	-0.036283	0.15374	0.11213	liquid
100.00	23.500	1.3981	0.71526	0.20070	0.21617	2.1862	7.0795	14.228	705.14	-0.036300	0.15377	0.11215	liquid
100.00	23.667	1.3982	0.71523	0.20064	0.21621	2.1856	7.0796	14.226	705.25	-0.036317	0.15380	0.11216	liquid
100.00	23.833	1.3982	0.71519	0.20058	0.21626	2.1850	7.0798	14.225	705.36	-0.036334	0.15384	0.11217	liquid
100.00	24.000	1.3983	0.71516	0.20052	0.21631	2.1844	7.0800	14.224	705.47	-0.036351	0.15387	0.11219	liquid
100.00	24.167	1.3984	0.71512	0.20045	0.21636	2.1838	7.0802	14.222	705.58	-0.036368	0.15390	0.11220	liquid
100.00	24.333	1.3984	0.71509	0.20039	0.21641	2.1831	7.0804	14.221	705.68	-0.036385	0.15393	0.11222	liquid
100.00	24.500	1.3985	0.71505	0.20033	0.21645	2.1825	7.0805	14.220	705.79	-0.036402	0.15396	0.11223	liquid
100.00	24.667	1.3986	0.71502	0.20027	0.21650	2.1819	7.0807	14.218	705.90	-0.036419	0.15399	0.11224	liquid
100.00	24.833	1.3986	0.71498	0.20021	0.21655	2.1813	7.0809	14.217	706.01	-0.036436	0.15402	0.11226	liquid
100.00	25.000	1.3987	0.71495	0.20015	0.21660	2.1807	7.0811	14.215	706.12	-0.036453	0.15405	0.11227	liquid
100.00	25.167	1.3988	0.71491	0.20009	0.21665	2.1801	7.0812	14.214	706.23	-0.036470	0.15409	0.11228	liquid
100.00	25.333	1.3988	0.71488	0.20003	0.21669	2.1794	7.0814	14.213	706.34	-0.036487	0.15412	0.11230	liquid
100.00	25.500	1.3989	0.71484	0.19997	0.21674	2.1788	7.0816	14.211	706.44	-0.036503	0.15415	0.11231	liquid
100.00	25.667	1.3990	0.71481	0.19991	0.21679	2.1782	7.0818	14.210	706.55	-0.036520	0.15418	0.11232	liquid
100.00	25.833	1.3990	0.71477	0.19985	0.21684	2.1776	7.0819	14.209	706.66	-0.036537	0.15421	0.11234	liquid
100.00	26.000	1.3991	0.71474	0.19979	0.21689	2.1770	7.0821	14.207	706.77	-0.036554	0.15424	0.11235	liquid
100.00	26.167	1.3992	0.71470	0.19972	0.21693	2.1764	7.0823	14.206	706.88	-0.036571	0.15427	0.11236	liquid
100.00	26.333	1.3992	0.71467	0.19966	0.21698	2.1757	7.0825	14.204	706.99	-0.036588	0.15430	0.11238	liquid
100.00	26.500	1.3993	0.71464	0.19960	0.21703	2.1751	7.0826	14.203	707.09	-0.036604	0.15434	0.11239	liquid
100.00	26.667	1.3994	0.71460	0.19954	0.21708	2.1745	7.0828	14.202	707.20	-0.036621	0.15437	0.11240	liquid
100.00	26.833	1.3994	0.71457	0.19948	0.21713	2.1739	7.0830	14.200	707.31	-0.036638	0.15440	0.11242	liquid
100.00	27.000	1.3995	0.71453	0.19942	0.21717	2.1733	7.0832	14.199	707.42	-0.036655	0.15443	0.11243	liquid
100.00	27.167	1.3996	0.71450	0.19936	0.21722	2.1727	7.0833	14.198	707.53	-0.036671	0.15446	0.11244	liquid
100.00	27.333	1.3997	0.71446	0.19930	0.21727	2.1721	7.0835	14.196	707.64	-0.036688	0.15449	0.11246	liquid
100.00	27.500	1.3997	0.71443	0.19924	0.21732	2.1714	7.0837	14.195	707.74	-0.036705	0.15452	0.11247	liquid
100.00	27.667	1.3998	0.71439	0.19918	0.21737	2.1708	7.0839	14.194	707.85	-0.036721	0.15455	0.11248	liquid
100.00	27.833	1.3999	0.71436	0.19912	0.21742	2.1702	7.0840	14.192	707.96	-0.036738	0.15459	0.11250	liquid
100.00	28.000	1.3999	0.71433	0.19906	0.21746	2.1696	7.0842	14.191	708.07	-0.036755	0.15462	0.11251	liquid
100.00	28.167	1.4000	0.71429	0.19900	0.21751	2.1690	7.0844	14.189	708.18	-0.036771	0.15465	0.11252	liquid
100.00	28.333	1.4001	0.71426	0.19894	0.21756	2.1684	7.0845	14.188	708.28	-0.036788	0.15468	0.11254	liquid
100.00	28.500	1.4001	0.71422	0.19888	0.21761	2.1678	7.0847	14.187	708.39	-0.036804	0.15471	0.11255	liquid
100.00	28.667	1.4002	0.71419	0.19882	0.21766	2.1672	7.0849	14.185	708.50	-0.036821	0.15474	0.11256	liquid
100.00	28.833	1.4003	0.71415	0.19876	0.21771	2.1665	7.0851	14.184	708.61	-0.036838	0.15477	0.11258	liquid
100.00	29.000	1.4003	0.71412	0.19870	0.21775	2.1659	7.0852	14.183	708.72	-0.036854	0.15480	0.11259	liquid
100.00	29.167	1.4004	0.71408	0.19864	0.21780	2.1653	7.0854	14.181	708.82	-0.036871	0.15483	0.11260	liquid
100.00	29.333	1.4005	0.71405	0.19858	0.21785	2.1647	7.0856	14.180	708.93	-0.036887	0.15487	0.11262	liquid
100.00	29.500	1.4005	0.71402	0.19852	0.21790	2.1641	7.0857	14.179	709.04	-0.036904	0.15490	0.11263	liquid
100.00	29.667	1.4006	0.71398	0.19846	0.21795	2.1635	7.0859	14.177	709.15	-0.036920	0.15493	0.11264	liquid
100.00	29.833	1.4007	0.71395	0.19840	0.21800	2.1629	7.0861	14.176	709.25	-0.036937	0.15496	0.11266	liquid
100.00	30.000	1.4007	0.71391	0.19834	0.21804	2.1623	7.0863	14.175	709.36	-0.036953	0.15499	0.11267	liquid
100.00	30.167	1.4008	0.71388	0.19828	0.21809	2.1617	7.0864	14.173	709.47	-0.036969	0.15502	0.11268	liquid
100.00	30.333	1.4009	0.71384	0.19822	0.21814	2.1611	7.0866	14.172	709.58	-0.036986	0.15505	0.11270	liquid
100.00	30.500	1.4009	0.71381	0.19816	0.21819	2.1604	7.0868	14.171	709.69	-0.037002	0.15508	0.11271	liquid
100.00	30.667	1.4010	0.71378	0.19810	0.21824	2.1598	7.0869	14.169	709.79	-0.037019	0.15512	0.11272	liquid
100.00	30.833	1.4011	0.71374	0.19804	0.21829	2.1592	7.0871	14.168	709.90	-0.037035	0.15515	0.11274	liquid
100.00	31.000	1.4011	0.71371	0.19798	0.21834	2.1586	7.0873	14.167	710.01	-0.037051	0.15518	0.11275	liquid
100.00	31.167	1.4012	0.71367	0.19792	0.21838	2.1580	7.0875	14.165	710.12	-0.037068	0.15521	0.11276	liquid
100.00	31.333	1.4013	0.71364	0.19786	0.21843	2.1574	7.0876	14.164	710.22	-0.037084	0.15524	0.11278	liquid
100.00	31.500	1.4013	0.71361	0.19780	0.21848	2.1568	7.0878	14.163	710.33	-0.037100	0.15527	0.11279	liquid
100.00	31.667	1.4014	0.71357	0.19774	0.21853	2.1562	7.0880	14.161	710.44	-0.037117	0.15530	0.11280	liquid
100.00	31.833	1.4015	0.71354	0.19768	0.21858	2.1556	7.0881	14.160	710.54	-0.037133	0.15533	0.11282	liquid
100.00	32.000	1.4015	0.71350	0.19762	0.21863	2.1550	7.0883	14.159	710.65	-0.037149	0.15536	0.11283	liquid
100.00	32.167	1.4016	0.71347	0.19756	0.21868	2.1544	7.0885	14.157	710.76	-0.037166	0.15540	0.11284	liquid
100.00	32.333	1.4017	0.71344	0.19750	0.21873	2.1538	7.0886	14.156	710.87	-0.037182	0.15543	0.11286	liquid
100.00	32.500	1.4017	0.71340	0.19744	0.21877	2.1531	7.0888	14.155	710.97	-0.037198	0.15546	0.11287	liquid
100.00	32.667	1.4018	0.71337	0.19738	0.21882	2.1525	7.0890	14.154	711.08	-0.037214	0.15549	0.11288	liquid
100.00	32.833	1.4019	0.71333	0.19732	0.21887	2.1519	7.0891	14.152	711.19	-0.037231	0.15552	0.11290	liquid
100.00	33.000	1.4019	0.71330	0.19726	0.21892	2.1513	7.0893	14.151	711.30	-0.037247	0.15555	0.11291	liquid
100.00	33.167	1.4020	0.71327	0.19720	0.21897	2.1507	7.0895	14.150	711.40	-0.037263	0.15558	0.11292	liquid
100.00	33.333	1.4021	0.71323	0.19714	0.21902	2.1501	7.0897	14.148	711.51	-0.037279	0.15561	0.11294	liquid
100.00	33.500	1.4021	0.71320	0.19708	0.21907	2.1495	7.0898	14.147	711.62	-0.037295	0.15564	0.11295	liquid
100.00	33.667	1.4022	0.71316	0.19702	0.21912	2.1489	7.0900	14.146	711.72	-0.037311	0.15568	0.11296	liquid
100.00	33.833	1.4023	0.71313	0.19696	0.21916	2.1483	7.0902	14.144	711.83	-0.037328	0.15571	0.11298	liquid
100.00	34.000	1.4023	0.71310	0.19690	0.21921	2.1477	7.0903	14.143	711.94	-0.037344	0.15574	0.11299	liquid
100.00	34.167	1.4024	0.71306	0.19684	0.21926	2.1471	7.0905	14.142	712.05	-0.037360	0.15577	0.11300	liquid
100.00	34.333	1.4025	0.71303	0.19678	0.21931	2.1465	7.0907	14.140	712.15	-0.037376	0.15580	0.11302	liquid
100.00	34.500	1.4025	0.71300	0.19673	0.21936	2.1459	7.0908	14.139	712.26	-0.037392	0.15583	0.11303	liquid
100.00	34.667	1.4026	0.71296	0.19667	0.21941	2.1453	7.0910	14.138	712.37	-0.037408	0.15586	0.11304	liquid
100.00	34.833	1.4027	0.71293	0.19661	0.21946	2.1447	7.0912	14.137	712.47	-0.037424	0.15589	0.11306	liquid
100.00	35.000	1.4027	0.71289	0.19655	0.21951	2.1441	7.0913	14.135	712.58	-0.037440	0.15592	0.11307	liquid
100.00	35.167	1.4028	0.71286	0.19649	0.21956	2.1435	7.0915	14.134	712.69	-0.037456	0.15596	0.11308	liquid
100.00	35.333	1.4029	0.71283	0.19643	0.21961	2.1429	7.0917	14.133	712.79	-0.037472	0.15599	0.11310	liquid
100.00	35.500	1.4029	0.71279	0.19637	0.21965	2.1423	7.0918	14.131	712.90	-0.037488	0.15602	0.11311	liquid
100.00	35.667	1.4030	0.71276	0.19631	0.21970	2.1417	7.0920	14.130	713.01	-0.037504	0.15605	0.11312	liquid
100.00	35.833	1.4031	0.71273	0.19625	0.21975	2.1411	7.0921	14.129	713.11	-0.037520	0.15608	0.11314	liquid
100.00	36.000	1.4031	0.71269	0.19619	0.21980	2.1405	7.0923	14.127	713.22	-0.037536	0.15611	0.11315	liquid
100.00	36.167	1.4032	0.71266	0.19613	0.21985	2.1399	7.0925	14.126	713.33	-0.037552	0.15614	0.11316	liquid
100.00	36.333	1.4033	0.71263	0.19607	0.21990	2.1393	7.0926	14.125	713.43	-0.037568	0.15617	0.11318	liquid
100.00	36.500	1.4033	0.71259	0.19602	0.21995	2.1387	7.0928	14.124	713.54	-0.037584	0.15620	0.11319	liquid
100.00	36.667	1.4034	0.71256	0.19596	0.22000	2.1381	7.0930	14.122	713.65	-0.037599	0.15623	0.11320	liquid
100.00	36.833	1.4035	0.71253	0.19590	0.22005	2.1375	7.0931	14.121	713.75	-0.037615	0.15627	0.11322	liquid
100.00	37.000	1.4035	0.71249	0.19584	0.22010	2.1369	7.0933	14.120	713.86	-0.037631	0.15630	0.11323	liquid
100.00	37.167	1.4036	0.71246	0.19578	0.22015	2.1363	7.0935	14.118	713.97	-0.037647	0.15633	0.11324	liquid
100.00	37.333	1.4037	0.71242	0.19572	0.22019	2.1356	7.0936	14.117	714.07	-0.037663	0.15636	0.11326	liquid
100.00	37.500	1.4037	0.71239	0.19566	0.22024	2.1350	7.0938	14.116	714.18	-0.037679	0.15639	0.11327	liquid
100.00	37.667	1.4038	0.71236	0.19560	0.22029	2.1344	7.0939	14.115	714.29	-0.037695	0.15642	0.11328	liquid
100.00	37.833	1.4039	0.71232	0.19554	0.22034	2.1338	7.0941	14.113	714.39	-0.037710	0.15645	0.11330	liquid
100.00	38.000	1.4039	0.71229	0.19549	0.22039	2.1333	7.0943	14.112	714.50	-0.037726	0.15648	0.11331	liquid
100.00	38.167	1.4040	0.71226	0.19543	0.22044	2.1327	7.0944	14.111	714.61	-0.037742	0.15651	0.11332	liquid
100.00	38.333	1.4041	0.71222	0.19537	0.22049	2.1321	7.0946	14.110	714.71	-0.037758	0.15655	0.11334	liquid
100.00	38.500	1.4041	0.71219	0.19531	0.22054	2.1315	7.0948	14.108	714.82	-0.037773	0.15658	0.11335	liquid
100.00	38.667	1.4042	0.71216	0.19525	0.22059	2.1309	7.0949	14.107	714.92	-0.037789	0.15661	0.11336	liquid
100.00	38.833	1.4042	0.71212	0.19519	0.22064	2.1303	7.0951	14.106	715.03	-0.037805	0.15664	0.11337	liquid
100.00	39.000	1.4043	0.71209	0.19513	0.22069	2.1297	7.0952	14.104	715.14	-0.037820	0.15667	0.11339	liquid
100.00	39.167	1.4044	0.71206	0.19507	0.22074	2.1291	7.0954	14.103	715.24	-0.037836	0.15670	0.11340	liquid
100.00	39.333	1.4044	0.71202	0.19502	0.22079	2.1285	7.0956	14.102	715.35	-0.037852	0.15673	0.11341	liquid
100.00	39.500	1.4045	0.71199	0.19496	0.22084	2.1279	7.0957	14.101	715.46	-0.037867	0.15676	0.11343	liquid
100.00	39.667	1.4046	0.71196	0.19490	0.22089	2.1273	7.0959	14.099	715.56	-0.037883	0.15679	0.11344	liquid
100.00	39.833	1.4046	0.71192	0.19484	0.22094	2.1267	7.0960	14.098	715.67	-0.037899	0.15682	0.11345	liquid
100.00	40.000	1.4047	0.71189	0.19478	0.22098	2.1261	7.0962	14.097	715.77	-0.037914	0.15686	0.11347	liquid
100.00	40.167	1.4048	0.71186	0.19472	0.22103	2.1255	7.0964	14.096	715.88	-0.037930	0.15689	0.11348	liquid
100.00	40.333	1.4048	0.71183	0.19466	0.22108	2.1249	7.0965	14.094	715.99	-0.037945	0.15692	0.11349	liquid
100.00	40.500	1.4049	0.71179	0.19461	0.22113	2.1243	7.0967	14.093	716.09	-0.037961	0.15695	0.11351	liquid
100.00	40.667	1.4050	0.71176	0.19455	0.22118	2.1237	7.0968	14.092	716.20	-0.037977	0.15698	0.11352	liquid
100.00	40.833	1.4050	0.71173	0.19449	0.22123	2.1231	7.0970	14.091	716.30	-0.037992	0.15701	0.11353	liquid
100.00	41.000	1.4051	0.71169	0.19443	0.22128	2.1225	7.0972	14.089	716.41	-0.038008	0.15704	0.11355	liquid
100.00	41.167	1.4052	0.71166	0.19437	0.22133	2.1219	7.0973	14.088	716.52	-0.038023	0.15707	0.11356	liquid
100.00	41.333	1.4052	0.71163	0.19431	0.22138	2.1213	7.0975	14.087	716.62	-0.038039	0.15710	0.11357	liquid
100.00	41.500	1.4053	0.71159	0.19426	0.22143	2.1207	7.0976	14.086	716.73	-0.038054	0.15713	0.11359	liquid
100.00	41.667	1.4054	0.71156	0.19420	0.22148	2.1201	7.0978	14.084	716.83	-0.038070	0.15717	0.11360	liquid
100.00	41.833	1.4054	0.71153	0.19414	0.22153	2.1195	7.0979	14.083	716.94	-0.038085	0.15720	0.11361	liquid
100.00	42.000	1.4055	0.71149	0.19408	0.22158	2.1189	7.0981	14.082	717.05	-0.038101	0.15723	0.11363	liquid
100.00	42.167	1.4056	0.71146	0.19402	0.22163	2.1183	7.0983	14.081	717.15	-0.038116	0.15726	0.11364	liquid
100.00	42.333	1.4056	0.71143	0.19397	0.22168	2.1177	7.0984	14.079	717.26	-0.038131	0.15729	0.11365	liquid
100.00	42.500	1.4057	0.71140	0.19391	0.22173	2.1171	7.0986	14.078	717.36	-0.038147	0.15732	0.11366	liquid
100.00	42.667	1.4058	0.71136	0.19385	0.22178	2.1165	7.0987	14.077	717.47	-0.038162	0.15735	0.11368	liquid
100.00	42.833	1.4058	0.71133	0.19379	0.22183	2.1160	7.0989	14.076	717.58	-0.038178	0.15738	0.11369	liquid
100.00	43.000	1.4059	0.71130	0.19373	0.22188	2.1154	7.0990	14.074	717.68	-0.038193	0.15741	0.11370	liquid
100.00	43.167	1.4059	0.71126	0.19368	0.22193	2.1148	7.0992	14.073	717.79	-0.038208	0.15744	0.11372	liquid
100.00	43.333	1.4060	0.71123	0.19362	0.22198	2.1142	7.0994	14.072	717.89	-0.038224	0.15748	0.11373	liquid
100.00	43.500	1.4061	0.71120	0.19356	0.22203	2.1136	7.0995	14.071	718.00	-0.038239	0.15751	0.11374	liquid
100.00	43.667	1.4061	0.71117	0.19350	0.22208	2.1130	7.0997	14.069	718.10	-0.038254	0.15754	0.11376	liquid
100.00	43.833	1.4062	0.71113	0.19344	0.22213	2.1124	7.0998	14.068	718.21	-0.038270	0.15757	0.11377	liquid
100.00	44.000	1.4063	0.71110	0.19339	0.22218	2.1118	7.1000	14.067	718.32	-0.038285	0.15760	0.11378	liquid
100.00	44.167	1.4063	0.71107	0.19333	0.22223	2.1112	7.1001	14.066	718.42	-0.038300	0.15763	0.11380	liquid
100.00	44.333	1.4064	0.71103	0.19327	0.22228	2.1106	7.1003	14.064	718.53	-0.038315	0.15766	0.11381	liquid
100.00	44.500	1.4065	0.71100	0.19321	0.22233	2.1100	7.1004	14.063	718.63	-0.038331	0.15769	0.11382	liquid
100.00	44.667	1.4065	0.71097	0.19315	0.22238	2.1094	7.1006	14.062	718.74	-0.038346	0.15772	0.11383	liquid
100.00	44.833	1.4066	0.71094	0.19310	0.22243	2.1088	7.1007	14.061	718.84	-0.038361	0.15775	0.11385	liquid
100.00	45.000	1.4067	0.71090	0.19304	0.22248	2.1083	7.1009	14.060	718.95	-0.038376	0.15778	0.11386	liquid
100.00	45.167	1.4067	0.71087	0.19298	0.22253	2.1077	7.1011	14.058	719.05	-0.038392	0.15782	0.11387	liquid
100.00	45.333	1.4068	0.71084	0.19292	0.22258	2.1071	7.1012	14.057	719.16	-0.038407	0.15785	0.11389	liquid
100.00	45.500	1.4069	0.71081	0.19287	0.22263	2.1065	7.1014	14.056	719.27	-0.038422	0.15788	0.11390	liquid
100.00	45.667	1.4069	0.71077	0.19281	0.22268	2.1059	7.1015	14.055	719.37	-0.038437	0.15791	0.11391	liquid
100.00	45.833	1.4070	0.71074	0.19275	0.22273	2.1053	7.1017	14.053	719.48	-0.038452	0.15794	0.11393	liquid
100.00	46.000	1.4070	0.71071	0.19269	0.22278	2.1047	7.1018	14.052	719.58	-0.038467	0.15797	0.11394	liquid
100.00	46.167	1.4071	0.71067	0.19264	0.22283	2.1041	7.1020	14.051	719.69	-0.038482	0.15800	0.11395	liquid
100.00	46.333	1.4072	0.71064	0.19258	0.22288	2.1035	7.1021	14.050	719.79	-0.038498	0.15803	0.11397	liquid
100.00	46.500	1.4072	0.71061	0.19252	0.22293	2.1030	7.1023	14.049	719.90	-0.038513	0.15806	0.11398	liquid
100.00	46.667	1.4073	0.71058	0.19246	0.22298	2.1024	7.1024	14.047	720.00	-0.038528	0.15809	0.11399	liquid
100.00	46.833	1.4074	0.71054	0.19241	0.22303	2.1018	7.1026	14.046	720.11	-0.038543	0.15813	0.11400	liquid
100.00	47.000	1.4074	0.71051	0.19235	0.22308	2.1012	7.1027	14.045	720.21	-0.038558	0.15816	0.11402	liquid
100.00	47.167	1.4075	0.71048	0.19229	0.22313	2.1006	7.1029	14.044	720.32	-0.038573	0.15819	0.11403	liquid
100.00	47.333	1.4076	0.71045	0.19223	0.22318	2.1000	7.1030	14.043	720.43	-0.038588	0.15822	0.11404	liquid
100.00	47.500	1.4076	0.71041	0.19218	0.22323	2.0994	7.1032	14.041	720.53	-0.038603	0.15825	0.11406	liquid
100.00	47.667	1.4077	0.71038	0.19212	0.22328	2.0988	7.1033	14.040	720.64	-0.038618	0.15828	0.11407	liquid
100.00	47.833	1.4078	0.71035	0.19206	0.22333	2.0982	7.1035	14.039	720.74	-0.038633	0.15831	0.11408	liquid
100.00	48.000	1.4078	0.71032	0.19200	0.22338	2.0977	7.1036	14.038	720.85	-0.038648	0.15834	0.11410	liquid
100.00	48.167	1.4079	0.71029	0.19195	0.22343	2.0971	7.1038	14.036	720.95	-0.038663	0.15837	0.11411	liquid
100.00	48.333	1.4079	0.71025	0.19189	0.22348	2.0965	7.1039	14.035	721.06	-0.038678	0.15840	0.11412	liquid
100.00	48.500	1.4080	0.71022	0.19183	0.22353	2.0959	7.1041	14.034	721.16	-0.038693	0.15843	0.11414	liquid
100.00	48.667	1.4081	0.71019	0.19178	0.22358	2.0953	7.1042	14.033	721.27	-0.038708	0.15846	0.11415	liquid
100.00	48.833	1.4081	0.71016	0.19172	0.22363	2.0947	7.1044	14.032	721.37	-0.038723	0.15850	0.11416	liquid
100.00	49.000	1.4082	0.71012	0.19166	0.22368	2.0941	7.1045	14.030	721.48	-0.038738	0.15853	0.11417	liquid
100.00	49.167	1.4083	0.71009	0.19160	0.22373	2.0936	7.1047	14.029	721.58	-0.038752	0.15856	0.11419	liquid
100.00	49.333	1.4083	0.71006	0.19155	0.22378	2.0930	7.1048	14.028	721.69	-0.038767	0.15859	0.11420	liquid
100.00	49.500	1.4084	0.71003	0.19149	0.22383	2.0924	7.1049	14.027	721.79	-0.038782	0.15862	0.11421	liquid
100.00	49.667	1.4085	0.70999	0.19143	0.22388	2.0918	7.1051	14.026	721.90	-0.038797	0.15865	0.11423	liquid
100.00	49.833	1.4085	0.70996	0.19138	0.22393	2.0912	7.1052	14.024	722.00	-0.038812	0.15868	0.11424	liquid
100.00	50.000	1.4086	0.70993	0.19132	0.22398	2.0906	7.1054	14.023	722.11	-0.038827	0.15871	0.11425	liquid
100.00	50.167	1.4087	0.70990	0.19126	0.22403	2.0900	7.1055	14.022	722.21	-0.038842	0.15874	0.11427	liquid
100.00	50.333	1.4087	0.70987	0.19120	0.22408	2.0895	7.1057	14.021	722.32	-0.038856	0.15877	0.11428	liquid
100.00	50.500	1.4088	0.70983	0.19115	0.22413	2.0889	7.1058	14.020	722.42	-0.038871	0.15880	0.11429	liquid
100.00	50.667	1.4088	0.70980	0.19109	0.22418	2.0883	7.1060	14.019	722.53	-0.038886	0.15884	0.11430	liquid
100.00	50.833	1.4089	0.70977	0.19103	0.22423	2.0877	7.1061	14.017	722.63	-0.038901	0.15887	0.11432	liquid
100.00	51.000	1.4090	0.70974	0.19098	0.22428	2.0871	7.1063	14.016	722.74	-0.038915	0.15890	0.11433	liquid
100.00	51.167	1.4090	0.70970	0.19092	0.22434	2.0865	7.1064	14.015	722.84	-0.038930	0.15893	0.11434	liquid
100.00	51.333	1.4091	0.70967	0.19086	0.22439	2.0860	7.1065	14.014	722.95	-0.038945	0.15896	0.11436	liquid
100.00	51.500	1.4092	0.70964	0.19081	0.22444	2.0854	7.1067	14.013	723.05	-0.038960	0.15899	0.11437	liquid
100.00	51.667	1.4092	0.70961	0.19075	0.22449	2.0848	7.1068	14.011	723.16	-0.038974	0.15902	0.11438	liquid
100.00	51.833	1.4093	0.70958	0.19069	0.22454	2.0842	7.1070	14.010	723.26	-0.038989	0.15905	0.11439	liquid
100.00	52.000	1.4094	0.70954	0.19064	0.22459	2.0836	7.1071	14.009	723.37	-0.039004	0.15908	0.11441	liquid
100.00	52.167	1.4094	0.70951	0.19058	0.22464	2.0830	7.1073	14.008	723.47	-0.039018	0.15911	0.11442	liquid
100.00	52.333	1.4095	0.70948	0.19052	0.22469	2.0825	7.1074	14.007	723.58	-0.039033	0.15914	0.11443	liquid
100.00	52.500	1.4095	0.70945	0.19047	0.22474	2.0819	7.1075	14.006	723.68	-0.039048	0.15917	0.11445	liquid
100.00	52.667	1.4096	0.70942	0.19041	0.22479	2.0813	7.1077	14.004	723.79	-0.039062	0.15921	0.11446	liquid
100.00	52.833	1.4097	0.70938	0.19035	0.22484	2.0807	7.1078	14.003	723.89	-0.039077	0.15924	0.11447	liquid
100.00	53.000	1.4097	0.70935	0.19030	0.22489	2.0801	7.1080	14.002	724.00	-0.039092	0.15927	0.11449	liquid
100.00	53.167	1.4098	0.70932	0.19024	0.22494	2.0796	7.1081	14.001	724.10	-0.039106	0.15930	0.11450	liquid
100.00	53.333	1.4099	0.70929	0.19018	0.22499	2.0790	7.1083	14.000	724.20	-0.039121	0.15933	0.11451	liquid
100.00	53.500	1.4099	0.70926	0.19013	0.22504	2.0784	7.1084	13.998	724.31	-0.039135	0.15936	0.11452	liquid
100.00	53.667	1.4100	0.70922	0.19007	0.22509	2.0778	7.1085	13.997	724.41	-0.039150	0.15939	0.11454	liquid
100.00	53.833	1.4101	0.70919	0.19001	0.22515	2.0772	7.1087	13.996	724.52	-0.039164	0.15942	0.11455	liquid
100.00	54.000	1.4101	0.70916	0.18996	0.22520	2.0767	7.1088	13.995	724.62	-0.039179	0.15945	0.11456	liquid
100.00	54.167	1.4102	0.70913	0.18990	0.22525	2.0761	7.1090	13.994	724.73	-0.039193	0.15948	0.11458	liquid
100.00	54.333	1.4102	0.70910	0.18985	0.22530	2.0755	7.1091	13.993	724.83	-0.039208	0.15951	0.11459	liquid
100.00	54.500	1.4103	0.70907	0.18979	0.22535	2.0749	7.1092	13.991	724.94	-0.039222	0.15954	0.11460	liquid
100.00	54.667	1.4104	0.70903	0.18973	0.22540	2.0743	7.1094	13.990	725.04	-0.039237	0.15958	0.11461	liquid
100.00	54.833	1.4104	0.70900	0.18968	0.22545	2.0738	7.1095	13.989	725.15	-0.039251	0.15961	0.11463	liquid
100.00	55.000	1.4105	0.70897	0.18962	0.22550	2.0732	7.1097	13.988	725.25	-0.039266	0.15964	0.11464	liquid
100.00	55.167	1.4106	0.70894	0.18956	0.22555	2.0726	7.1098	13.987	725.36	-0.039280	0.15967	0.11465	liquid
100.00	55.333	1.4106	0.70891	0.18951	0.22560	2.0720	7.1099	13.986	725.46	-0.039295	0.15970	0.11467	liquid
100.00	55.500	1.4107	0.70888	0.18945	0.22565	2.0714	7.1101	13.985	725.56	-0.039309	0.15973	0.11468	liquid
100.00	55.667	1.4107	0.70884	0.18940	0.22570	2.0709	7.1102	13.983	725.67	-0.039324	0.15976	0.11469	liquid
100.00	55.833	1.4108	0.70881	0.18934	0.22576	2.0703	7.1103	13.982	725.77	-0.039338	0.15979	0.11471	liquid
100.00	56.000	1.4109	0.70878	0.18928	0.22581	2.0697	7.1105	13.981	725.88	-0.039352	0.15982	0.11472	liquid
100.00	56.167	1.4109	0.70875	0.18923	0.22586	2.0691	7.1106	13.980	725.98	-0.039367	0.15985	0.11473	liquid
100.00	56.333	1.4110	0.70872	0.18917	0.22591	2.0686	7.1108	13.979	726.09	-0.039381	0.15988	0.11474	liquid
100.00	56.500	1.4111	0.70869	0.18911	0.22596	2.0680	7.1109	13.978	726.19	-0.039395	0.15991	0.11476	liquid
100.00	56.667	1.4111	0.70865	0.18906	0.22601	2.0674	7.1110	13.976	726.30	-0.039410	0.15995	0.11477	liquid
100.00	56.833	1.4112	0.70862	0.18900	0.22606	2.0668	7.1112	13.975	726.40	-0.039424	0.15998	0.11478	liquid
100.00	57.000	1.4113	0.70859	0.18895	0.22611	2.0662	7.1113	13.974	726.51	-0.039438	0.16001	0.11480	liquid
100.00	57.167	1.4113	0.70856	0.18889	0.22616	2.0657	7.1114	13.973	726.61	-0.039453	0.16004	0.11481	liquid
100.00	57.333	1.4114	0.70853	0.18883	0.22621	2.0651	7.1116	13.972	726.71	-0.039467	0.16007	0.11482	liquid
100.00	57.500	1.4114	0.70850	0.18878	0.22627	2.0645	7.1117	13.971	726.82	-0.039481	0.16010	0.11483	liquid
100.00	57.667	1.4115	0.70846	0.18872	0.22632	2.0639	7.1118	13.970	726.92	-0.039496	0.16013	0.11485	liquid
100.00	57.833	1.4116	0.70843	0.18867	0.22637	2.0634	7.1120	13.968	727.03	-0.039510	0.16016	0.11486	liquid
100.00	58.000	1.4116	0.70840	0.18861	0.22642	2.0628	7.1121	13.967	727.13	-0.039524	0.16019	0.11487	liquid
100.00	58.167	1.4117	0.70837	0.18856	0.22647	2.0622	7.1122	13.966	727.24	-0.039538	0.16022	0.11489	liquid
100.00	58.333	1.4118	0.70834	0.18850	0.22652	2.0616	7.1124	13.965	727.34	-0.039552	0.16025	0.11490	liquid
100.00	58.500	1.4118	0.70831	0.18844	0.22657	2.0611	7.1125	13.964	727.44	-0.039567	0.16028	0.11491	liquid
100.00	58.667	1.4119	0.70828	0.18839	0.22662	2.0605	7.1126	13.963	727.55	-0.039581	0.16031	0.11492	liquid
100.00	58.833	1.4119	0.70824	0.18833	0.22667	2.0599	7.1128	13.962	727.65	-0.039595	0.16035	0.11494	liquid
100.00	59.000	1.4120	0.70821	0.18828	0.22673	2.0593	7.1129	13.960	727.76	-0.039609	0.16038	0.11495	liquid
100.00	59.167	1.4121	0.70818	0.18822	0.22678	2.0588	7.1130	13.959	727.86	-0.039623	0.16041	0.11496	liquid
100.00	59.333	1.4121	0.70815	0.18817	0.22683	2.0582	7.1132	13.958	727.97	-0.039638	0.16044	0.11498	liquid
100.00	59.500	1.4122	0.70812	0.18811	0.22688	2.0576	7.1133	13.957	728.07	-0.039652	0.16047	0.11499	liquid
100.00	59.667	1.4123	0.70809	0.18805	0.22693	2.0571	7.1134	13.956	728.17	-0.039666	0.16050	0.11500	liquid
100.00	59.833	1.4123	0.70806	0.18800	0.22698	2.0565	7.1136	13.955	728.28	-0.039680	0.16053	0.11501	liquid
100.00	60.000	1.4124	0.70802	0.18794	0.22703	2.0559	7.1137	13.954	728.38	-0.039694	0.16056	0.11503	liquid
100.00	60.167	1.4124	0.70799	0.18789	0.22708	2.0553	7.1138	13.953	728.49	-0.039708	0.16059	0.11504	liquid
100.00	60.333	1.4125	0.70796	0.18783	0.22714	2.0548	7.1139	13.951	728.59	-0.039722	0.16062	0.11505	liquid
100.00	60.500	1.4126	0.70793	0.18778	0.22719	2.0542	7.1141	13.950	728.70	-0.039736	0.16065	0.11507	liquid
100.00	60.667	1.4126	0.70790	0.18772	0.22724	2.0536	7.1142	13.949	728.80	-0.039750	0.16068	0.11508	liquid
100.00	60.833	1.4127	0.70787	0.18767	0.22729	2.0530	7.1143	13.948	728.90	-0.039764	0.16071	0.11509	liquid
100.00	61.000	1.4128	0.70784	0.18761	0.22734	2.0525	7.1145	13.947	729.01	-0.039778	0.16075	0.11510	liquid
100.00	61.167	1.4128	0.70781	0.18755	0.22739	2.0519	7.1146	13.946	729.11	-0.039792	0.16078	0.11512	liquid
100.00	61.333	1.4129	0.70777	0.18750	0.22744	2.0513	7.1147	13.945	729.22	-0.039806	0.16081	0.11513	liquid
100.00	61.500	1.4129	0.70774	0.18744	0.22750	2.0508	7.1148	13.944	729.32	-0.039820	0.16084	0.11514	liquid
100.00	61.667	1.4130	0.70771	0.18739	0.22755	2.0502	7.1150	13.942	729.42	-0.039834	0.16087	0.11515	liquid
100.00	61.833	1.4131	0.70768	0.18733	0.22760	2.0496	7.1151	13.941	729.53	-0.039848	0.16090	0.11517	liquid
100.00	62.000	1.4131	0.70765	0.18728	0.22765	2.0490	7.1152	13.940	729.63	-0.039862	0.16093	0.11518	liquid
100.00	62.167	1.4132	0.70762	0.18722	0.22770	2.0485	7.1154	13.939	729.74	-0.039876	0.16096	0.11519	liquid
100.00	62.333	1.4133	0.70759	0.18717	0.22775	2.0479	7.1155	13.938	729.84	-0.039890	0.16099	0.11521	liquid
100.00	62.500	1.4133	0.70756	0.18711	0.22780	2.0473	7.1156	13.937	729.95	-0.039904	0.16102	0.11522	liquid
100.00	62.667	1.4134	0.70753	0.18706	0.22786	2.0468	7.1157	13.936	730.05	-0.039918	0.16105	0.11523	liquid
100.00	62.833	1.4134	0.70749	0.18700	0.22791	2.0462	7.1159	13.935	730.15	-0.039932	0.16108	0.11524	liquid
100.00	63.000	1.4135	0.70746	0.18695	0.22796	2.0456	7.1160	13.933	730.26	-0.039946	0.16111	0.11526	liquid
100.00	63.167	1.4136	0.70743	0.18689	0.22801	2.0451	7.1161	13.932	730.36	-0.039960	0.16114	0.11527	liquid
100.00	63.333	1.4136	0.70740	0.18684	0.22806	2.0445	7.1162	13.931	730.47	-0.039974	0.16118	0.11528	liquid
100.00	63.500	1.4137	0.70737	0.18678	0.22811	2.0439	7.1164	13.930	730.57	-0.039988	0.16121	0.11530	liquid
100.00	63.667	1.4137	0.70734	0.18673	0.22816	2.0433	7.1165	13.929	730.67	-0.040001	0.16124	0.11531	liquid
100.00	63.833	1.4138	0.70731	0.18667	0.22822	2.0428	7.1166	13.928	730.78	-0.040015	0.16127	0.11532	liquid
100.00	64.000	1.4139	0.70728	0.18662	0.22827	2.0422	7.1167	13.927	730.88	-0.040029	0.16130	0.11533	liquid
100.00	64.167	1.4139	0.70725	0.18656	0.22832	2.0416	7.1169	13.926	730.99	-0.040043	0.16133	0.11535	liquid
100.00	64.333	1.4140	0.70722	0.18651	0.22837	2.0411	7.1170	13.925	731.09	-0.040057	0.16136	0.11536	liquid
100.00	64.500	1.4141	0.70718	0.18645	0.22842	2.0405	7.1171	13.923	731.19	-0.040071	0.16139	0.11537	liquid
100.00	64.667	1.4141	0.70715	0.18640	0.22847	2.0399	7.1172	13.922	731.30	-0.040084	0.16142	0.11538	liquid
100.00	64.833	1.4142	0.70712	0.18634	0.22853	2.0394	7.1173	13.921	731.40	-0.040098	0.16145	0.11540	liquid
100.00	65.000	1.4142	0.70709	0.18629	0.22858	2.0388	7.1175	13.920	731.51	-0.040112	0.16148	0.11541	liquid
100.00	65.167	1.4143	0.70706	0.18623	0.22863	2.0382	7.1176	13.919	731.61	-0.040126	0.16151	0.11542	liquid
100.00	65.333	1.4144	0.70703	0.18618	0.22868	2.0377	7.1177	13.918	731.71	-0.040139	0.16154	0.11544	liquid
100.00	65.500	1.4144	0.70700	0.18612	0.22873	2.0371	7.1178	13.917	731.82	-0.040153	0.16157	0.11545	liquid
100.00	65.667	1.4145	0.70697	0.18607	0.22878	2.0365	7.1180	13.916	731.92	-0.040167	0.16161	0.11546	liquid
100.00	65.833	1.4146	0.70694	0.18601	0.22884	2.0360	7.1181	13.915	732.03	-0.040181	0.16164	0.11547	liquid
100.00	66.000	1.4146	0.70691	0.18596	0.22889	2.0354	7.1182	13.914	732.13	-0.040194	0.16167	0.11549	liquid
100.00	66.167	1.4147	0.70688	0.18590	0.22894	2.0348	7.1183	13.912	732.23	-0.040208	0.16170	0.11550	liquid
100.00	66.333	1.4147	0.70685	0.18585	0.22899	2.0343	7.1184	13.911	732.34	-0.040222	0.16173	0.11551	liquid
100.00	66.500	1.4148	0.70682	0.18579	0.22904	2.0337	7.1186	13.910	732.44	-0.040235	0.16176	0.11553	liquid
100.00	66.667	1.4149	0.70678	0.18574	0.22910	2.0331	7.1187	13.909	732.54	-0.040249	0.16179	0.11554	liquid
100.00	66.833	1.4149	0.70675	0.18568	0.22915	2.0326	7.1188	13.908	732.65	-0.040263	0.16182	0.11555	liquid
100.00	67.000	1.4150	0.70672	0.18563	0.22920	2.0320	7.1189	13.907	732.75	-0.040276	0.16185	0.11556	liquid
100.00	67.167	1.4150	0.70669	0.18557	0.22925	2.0314	7.1190	13.906	732.86	-0.040290	0.16188	0.11558	liquid
100.00	67.333	1.4151	0.70666	0.18552	0.22930	2.0309	7.1192	13.905	732.96	-0.040303	0.16191	0.11559	liquid
100.00	67.500	1.4152	0.70663	0.18546	0.22936	2.0303	7.1193	13.904	733.06	-0.040317	0.16194	0.11560	liquid
100.00	67.667	1.4152	0.70660	0.18541	0.22941	2.0297	7.1194	13.903	733.17	-0.040331	0.16197	0.11561	liquid
100.00	67.833	1.4153	0.70657	0.18536	0.22946	2.0292	7.1195	13.902	733.27	-0.040344	0.16200	0.11563	liquid
100.00	68.000	1.4153	0.70654	0.18530	0.22951	2.0286	7.1196	13.900	733.38	-0.040358	0.16203	0.11564	liquid
100.00	68.167	1.4154	0.70651	0.18525	0.22956	2.0281	7.1197	13.899	733.48	-0.040371	0.16207	0.11565	liquid
100.00	68.333	1.4155	0.70648	0.18519	0.22961	2.0275	7.1199	13.898	733.58	-0.040385	0.16210	0.11566	liquid
100.00	68.500	1.4155	0.70645	0.18514	0.22967	2.0269	7.1200	13.897	733.69	-0.040398	0.16213	0.11568	liquid
100.00	68.667	1.4156	0.70642	0.18508	0.22972	2.0264	7.1201	13.896	733.79	-0.040412	0.16216	0.11569	liquid
100.00	68.833	1.4157	0.70639	0.18503	0.22977	2.0258	7.1202	13.895	733.89	-0.040425	0.16219	0.11570	liquid
100.00	69.000	1.4157	0.70636	0.18497	0.22982	2.0252	7.1203	13.894	734.00	-0.040439	0.16222	0.11572	liquid
100.00	69.167	1.4158	0.70633	0.18492	0.22987	2.0247	7.1204	13.893	734.10	-0.040452	0.16225	0.11573	liquid
100.00	69.333	1.4158	0.70629	0.18487	0.22993	2.0241	7.1205	13.892	734.21	-0.040466	0.16228	0.11574	liquid
100.00	69.500	1.4159	0.70626	0.18481	0.22998	2.0235	7.1207	13.891	734.31	-0.040479	0.16231	0.11575	liquid
100.00	69.667	1.4160	0.70623	0.18476	0.23003	2.0230	7.1208	13.890	734.41	-0.040493	0.16234	0.11577	liquid
100.00	69.833	1.4160	0.70620	0.18470	0.23008	2.0224	7.1209	13.889	734.52	-0.040506	0.16237	0.11578	liquid
100.00	70.000	1.4161	0.70617	0.18465	0.23014	2.0219	7.1210	13.888	734.62	-0.040520	0.16240	0.11579	liquid
100.00	70.167	1.4161	0.70614	0.18459	0.23019	2.0213	7.1211	13.886	734.72	-0.040533	0.16243	0.11580	liquid
100.00	70.333	1.4162	0.70611	0.18454	0.23024	2.0207	7.1212	13.885	734.83	-0.040546	0.16246	0.11582	liquid
100.00	70.500	1.4163	0.70608	0.18449	0.23029	2.0202	7.1213	13.884	734.93	-0.040560	0.16249	0.11583	liquid
100.00	70.667	1.4163	0.70605	0.18443	0.23034	2.0196	7.1215	13.883	735.04	-0.040573	0.16253	0.11584	liquid
100.00	70.833	1.4164	0.70602	0.18438	0.23040	2.0191	7.1216	13.882	735.14	-0.040587	0.16256	0.11586	liquid
100.00	71.000	1.4164	0.70599	0.18432	0.23045	2.0185	7.1217	13.881	735.24	-0.040600	0.16259	0.11587	liquid
100.00	71.167	1.4165	0.70596	0.18427	0.23050	2.0179	7.1218	13.880	735.35	-0.040613	0.16262	0.11588	liquid
100.00	71.333	1.4166	0.70593	0.18422	0.23055	2.0174	7.1219	13.879	735.45	-0.040627	0.16265	0.11589	liquid
100.00	71.500	1.4166	0.70590	0.18416	0.23060	2.0168	7.1220	13.878	735.55	-0.040640	0.16268	0.11591	liquid
100.00	71.667	1.4167	0.70587	0.18411	0.23066	2.0162	7.1221	13.877	735.66	-0.040653	0.16271	0.11592	liquid
100.00	71.833	1.4168	0.70584	0.18405	0.23071	2.0157	7.1222	13.876	735.76	-0.040667	0.16274	0.11593	liquid
100.00	72.000	1.4168	0.70581	0.18400	0.23076	2.0151	7.1223	13.875	735.86	-0.040680	0.16277	0.11594	liquid
100.00	72.167	1.4169	0.70578	0.18395	0.23081	2.0146	7.1225	13.874	735.97	-0.040693	0.16280	0.11596	liquid
100.00	72.333	1.4169	0.70575	0.18389	0.23087	2.0140	7.1226	13.873	736.07	-0.040707	0.16283	0.11597	liquid
100.00	72.500	1.4170	0.70572	0.18384	0.23092	2.0134	7.1227	13.872	736.18	-0.040720	0.16286	0.11598	liquid
100.00	72.667	1.4171	0.70569	0.18378	0.23097	2.0129	7.1228	13.870	736.28	-0.040733	0.16289	0.11599	liquid
100.00	72.833	1.4171	0.70566	0.18373	0.23102	2.0123	7.1229	13.869	736.38	-0.040746	0.16292	0.11601	liquid
100.00	73.000	1.4172	0.70563	0.18368	0.23108	2.0118	7.1230	13.868	736.49	-0.040760	0.16295	0.11602	liquid
100.00	73.167	1.4172	0.70560	0.18362	0.23113	2.0112	7.1231	13.867	736.59	-0.040773	0.16298	0.11603	liquid
100.00	73.333	1.4173	0.70557	0.18357	0.23118	2.0107	7.1232	13.866	736.69	-0.040786	0.16302	0.11604	liquid
100.00	73.500	1.4174	0.70554	0.18351	0.23123	2.0101	7.1233	13.865	736.80	-0.040799	0.16305	0.11606	liquid
100.00	73.667	1.4174	0.70551	0.18346	0.23128	2.0095	7.1234	13.864	736.90	-0.040812	0.16308	0.11607	liquid
100.00	73.833	1.4175	0.70548	0.18341	0.23134	2.0090	7.1235	13.863	737.00	-0.040826	0.16311	0.11608	liquid
100.00	74.000	1.4175	0.70545	0.18335	0.23139	2.0084	7.1236	13.862	737.11	-0.040839	0.16314	0.11610	liquid
100.00	74.167	1.4176	0.70542	0.18330	0.23144	2.0079	7.1237	13.861	737.21	-0.040852	0.16317	0.11611	liquid
100.00	74.333	1.4177	0.70539	0.18325	0.23149	2.0073	7.1239	13.860	737.32	-0.040865	0.16320	0.11612	liquid
100.00	74.500	1.4177	0.70536	0.18319	0.23155	2.0067	7.1240	13.859	737.42	-0.040878	0.16323	0.11613	liquid
100.00	74.667	1.4178	0.70533	0.18314	0.23160	2.0062	7.1241	13.858	737.52	-0.040891	0.16326	0.11615	liquid
100.00	74.833	1.4178	0.70530	0.18308	0.23165	2.0056	7.1242	13.857	737.63	-0.040905	0.16329	0.11616	liquid
100.00	75.000	1.4179	0.70527	0.18303	0.23170	2.0051	7.1243	13.856	737.73	-0.040918	0.16332	0.11617	liquid
100.00	75.167	1.4180	0.70524	0.18298	0.23176	2.0045	7.1244	13.855	737.83	-0.040931	0.16335	0.11618	liquid
100.00	75.333	1.4180	0.70521	0.18292	0.23181	2.0040	7.1245	13.854	737.94	-0.040944	0.16338	0.11620	liquid
100.00	75.500	1.4181	0.70518	0.18287	0.23186	2.0034	7.1246	13.853	738.04	-0.040957	0.16341	0.11621	liquid
100.00	75.667	1.4181	0.70515	0.18282	0.23191	2.0029	7.1247	13.852	738.14	-0.040970	0.16344	0.11622	liquid
100.00	75.833	1.4182	0.70512	0.18276	0.23197	2.0023	7.1248	13.851	738.25	-0.040983	0.16347	0.11623	liquid
100.00	76.000	1.4183	0.70509	0.18271	0.23202	2.0017	7.1249	13.849	738.35	-0.040996	0.16351	0.11625	liquid
100.00	76.167	1.4183	0.70506	0.18266	0.23207	2.0012	7.1250	13.848	738.45	-0.041009	0.16354	0.11626	liquid
100.00	76.333	1.4184	0.70503	0.18260	0.23212	2.0006	7.1251	13.847	738.56	-0.041022	0.16357	0.11627	liquid
100.00	76.500	1.4184	0.70500	0.18255	0.23218	2.0001	7.1252	13.846	738.66	-0.041035	0.16360	0.11628	liquid
100.00	76.667	1.4185	0.70497	0.18250	0.23223	1.9995	7.1253	13.845	738.77	-0.041048	0.16363	0.11630	liquid
100.00	76.833	1.4186	0.70494	0.18244	0.23228	1.9990	7.1254	13.844	738.87	-0.041061	0.16366	0.11631	liquid
100.00	77.000	1.4186	0.70491	0.18239	0.23233	1.9984	7.1255	13.843	738.97	-0.041074	0.16369	0.11632	liquid
100.00	77.167	1.4187	0.70488	0.18234	0.23239	1.9979	7.1256	13.842	739.08	-0.041087	0.16372	0.11633	liquid
100.00	77.333	1.4187	0.70485	0.18228	0.23244	1.9973	7.1257	13.841	739.18	-0.041100	0.16375	0.11635	liquid
100.00	77.500	1.4188	0.70482	0.18223	0.23249	1.9967	7.1258	13.840	739.28	-0.041113	0.16378	0.11636	liquid
100.00	77.667	1.4189	0.70479	0.18218	0.23255	1.9962	7.1259	13.839	739.39	-0.041126	0.16381	0.11637	liquid
100.00	77.833	1.4189	0.70476	0.18212	0.23260	1.9956	7.1260	13.838	739.49	-0.041139	0.16384	0.11638	liquid
100.00	78.000	1.4190	0.70473	0.18207	0.23265	1.9951	7.1261	13.837	739.59	-0.041152	0.16387	0.11640	liquid
100.00	78.167	1.4190	0.70470	0.18202	0.23270	1.9945	7.1262	13.836	739.70	-0.041165	0.16390	0.11641	liquid
100.00	78.333	1.4191	0.70467	0.18196	0.23276	1.9940	7.1263	13.835	739.80	-0.041178	0.16393	0.11642	liquid
100.00	78.500	1.4192	0.70464	0.18191	0.23281	1.9934	7.1264	13.834	739.90	-0.041191	0.16396	0.11643	liquid
100.00	78.667	1.4192	0.70461	0.18186	0.23286	1.9929	7.1265	13.833	740.01	-0.041204	0.16399	0.11645	liquid
100.00	78.833	1.4193	0.70458	0.18180	0.23291	1.9923	7.1266	13.832	740.11	-0.041216	0.16402	0.11646	liquid
100.00	79.000	1.4193	0.70455	0.18175	0.23297	1.9918	7.1267	13.831	740.21	-0.041229	0.16406	0.11647	liquid
100.00	79.167	1.4194	0.70452	0.18170	0.23302	1.9912	7.1268	13.830	740.32	-0.041242	0.16409	0.11648	liquid
100.00	79.333	1.4195	0.70449	0.18164	0.23307	1.9907	7.1269	13.829	740.42	-0.041255	0.16412	0.11650	liquid
100.00	79.500	1.4195	0.70446	0.18159	0.23313	1.9901	7.1270	13.828	740.52	-0.041268	0.16415	0.11651	liquid
100.00	79.667	1.4196	0.70443	0.18154	0.23318	1.9896	7.1271	13.827	740.63	-0.041281	0.16418	0.11652	liquid
100.00	79.833	1.4196	0.70440	0.18149	0.23323	1.9890	7.1272	13.826	740.73	-0.041293	0.16421	0.11653	liquid
100.00	80.000	1.4197	0.70437	0.18143	0.23328	1.9885	7.1273	13.825	740.83	-0.041306	0.16424	0.11655	liquid
100.00	80.167	1.4198	0.70434	0.18138	0.23334	1.9879	7.1274	13.824	740.94	-0.041319	0.16427	0.11656	liquid
100.00	80.333	1.4198	0.70431	0.18133	0.23339	1.9874	7.1275	13.823	741.04	-0.041332	0.16430	0.11657	liquid
100.00	80.500	1.4199	0.70428	0.18127	0.23344	1.9868	7.1276	13.822	741.15	-0.041345	0.16433	0.11658	liquid
100.00	80.667	1.4199	0.70425	0.18122	0.23350	1.9863	7.1276	13.821	741.25	-0.041357	0.16436	0.11660	liquid
100.00	80.833	1.4200	0.70422	0.18117	0.23355	1.9857	7.1277	13.820	741.35	-0.041370	0.16439	0.11661	liquid
100.00	81.000	1.4201	0.70419	0.18112	0.23360	1.9852	7.1278	13.819	741.46	-0.041383	0.16442	0.11662	liquid
100.00	81.167	1.4201	0.70416	0.18106	0.23366	1.9846	7.1279	13.818	741.56	-0.041396	0.16445	0.11663	liquid
100.00	81.333	1.4202	0.70414	0.18101	0.23371	1.9841	7.1280	13.817	741.66	-0.041408	0.16448	0.11665	liquid
100.00	81.500	1.4202	0.70411	0.18096	0.23376	1.9835	7.1281	13.816	741.77	-0.041421	0.16451	0.11666	liquid
100.00	81.667	1.4203	0.70408	0.18090	0.23381	1.9830	7.1282	13.815	741.87	-0.041434	0.16454	0.11667	liquid
100.00	81.833	1.4204	0.70405	0.18085	0.23387	1.9824	7.1283	13.814	741.97	-0.041446	0.16457	0.11668	liquid
100.00	82.000	1.4204	0.70402	0.18080	0.23392	1.9819	7.1284	13.813	742.08	-0.041459	0.16461	0.11670	liquid
100.00	82.167	1.4205	0.70399	0.18075	0.23397	1.9813	7.1285	13.812	742.18	-0.041472	0.16464	0.11671	liquid
100.00	82.333	1.4205	0.70396	0.18069	0.23403	1.9808	7.1286	13.810	742.28	-0.041484	0.16467	0.11672	liquid
100.00	82.500	1.4206	0.70393	0.18064	0.23408	1.9802	7.1287	13.809	742.39	-0.041497	0.16470	0.11673	liquid
100.00	82.667	1.4207	0.70390	0.18059	0.23413	1.9797	7.1288	13.808	742.49	-0.041510	0.16473	0.11675	liquid
100.00	82.833	1.4207	0.70387	0.18054	0.23419	1.9791	7.1288	13.807	742.59	-0.041522	0.16476	0.11676	liquid
100.00	83.000	1.4208	0.70384	0.18048	0.23424	1.9786	7.1289	13.806	742.70	-0.041535	0.16479	0.11677	liquid
100.00	83.167	1.4208	0.70381	0.18043	0.23429	1.9780	7.1290	13.805	742.80	-0.041548	0.16482	0.11678	liquid
100.00	83.333	1.4209	0.70378	0.18038	0.23434	1.9775	7.1291	13.804	742.90	-0.041560	0.16485	0.11680	liquid
100.00	83.500	1.4210	0.70375	0.18032	0.23440	1.9769	7.1292	13.803	743.01	-0.041573	0.16488	0.11681	liquid
100.00	83.667	1.4210	0.70372	0.18027	0.23445	1.9764	7.1293	13.802	743.11	-0.041585	0.16491	0.11682	liquid
100.00	83.833	1.4211	0.70369	0.18022	0.23450	1.9758	7.1294	13.801	743.21	-0.041598	0.16494	0.11683	liquid
100.00	84.000	1.4211	0.70366	0.18017	0.23456	1.9753	7.1295	13.800	743.32	-0.041611	0.16497	0.11685	liquid
100.00	84.167	1.4212	0.70364	0.18011	0.23461	1.9747	7.1296	13.799	743.42	-0.041623	0.16500	0.11686	liquid
100.00	84.333	1.4212	0.70361	0.18006	0.23466	1.9742	7.1296	13.798	743.52	-0.041636	0.16503	0.11687	liquid
100.00	84.500	1.4213	0.70358	0.18001	0.23472	1.9736	7.1297	13.797	743.63	-0.041648	0.16506	0.11688	liquid
100.00	84.667	1.4214	0.70355	0.17996	0.23477	1.9731	7.1298	13.796	743.73	-0.041661	0.16509	0.11690	liquid
100.00	84.833	1.4214	0.70352	0.17991	0.23482	1.9725	7.1299	13.795	743.83	-0.041673	0.16512	0.11691	liquid
100.00	85.000	1.4215	0.70349	0.17985	0.23488	1.9720	7.1300	13.794	743.94	-0.041686	0.16515	0.11692	liquid
100.00	85.167	1.4215	0.70346	0.17980	0.23493	1.9714	7.1301	13.793	744.04	-0.041698	0.16519	0.11693	liquid
100.00	85.333	1.4216	0.70343	0.17975	0.23498	1.9709	7.1302	13.792	744.14	-0.041711	0.16522	0.11695	liquid
100.00	85.500	1.4217	0.70340	0.17970	0.23504	1.9703	7.1302	13.791	744.25	-0.041723	0.16525	0.11696	liquid
100.00	85.667	1.4217	0.70337	0.17964	0.23509	1.9698	7.1303	13.790	744.35	-0.041736	0.16528	0.11697	liquid
100.00	85.833	1.4218	0.70334	0.17959	0.23514	1.9693	7.1304	13.789	744.45	-0.041748	0.16531	0.11698	liquid
100.00	86.000	1.4218	0.70331	0.17954	0.23520	1.9687	7.1305	13.788	744.56	-0.041761	0.16534	0.11700	liquid
100.00	86.167	1.4219	0.70329	0.17949	0.23525	1.9682	7.1306	13.787	744.66	-0.041773	0.16537	0.11701	liquid
100.00	86.333	1.4220	0.70326	0.17943	0.23530	1.9676	7.1307	13.787	744.76	-0.041786	0.16540	0.11702	liquid
100.00	86.500	1.4220	0.70323	0.17938	0.23536	1.9671	7.1307	13.786	744.87	-0.041798	0.16543	0.11703	liquid
100.00	86.667	1.4221	0.70320	0.17933	0.23541	1.9665	7.1308	13.785	744.97	-0.041810	0.16546	0.11705	liquid
100.00	86.833	1.4221	0.70317	0.17928	0.23546	1.9660	7.1309	13.784	745.07	-0.041823	0.16549	0.11706	liquid
100.00	87.000	1.4222	0.70314	0.17923	0.23552	1.9654	7.1310	13.783	745.18	-0.041835	0.16552	0.11707	liquid
100.00	87.167	1.4223	0.70311	0.17917	0.23557	1.9649	7.1311	13.782	745.28	-0.041848	0.16555	0.11708	liquid
100.00	87.333	1.4223	0.70308	0.17912	0.23562	1.9644	7.1312	13.781	745.39	-0.041860	0.16558	0.11710	liquid
100.00	87.500	1.4224	0.70305	0.17907	0.23568	1.9638	7.1312	13.780	745.49	-0.041872	0.16561	0.11711	liquid
100.00	87.667	1.4224	0.70302	0.17902	0.23573	1.9633	7.1313	13.779	745.59	-0.041885	0.16564	0.11712	liquid
100.00	87.833	1.4225	0.70299	0.17897	0.23578	1.9627	7.1314	13.778	745.70	-0.041897	0.16567	0.11713	liquid
100.00	88.000	1.4225	0.70297	0.17891	0.23584	1.9622	7.1315	13.777	745.80	-0.041909	0.16570	0.11715	liquid
100.00	88.167	1.4226	0.70294	0.17886	0.23589	1.9616	7.1316	13.776	745.90	-0.041922	0.16573	0.11716	liquid
100.00	88.333	1.4227	0.70291	0.17881	0.23594	1.9611	7.1316	13.775	746.01	-0.041934	0.16576	0.11717	liquid
100.00	88.500	1.4227	0.70288	0.17876	0.23600	1.9605	7.1317	13.774	746.11	-0.041946	0.16580	0.11718	liquid
100.00	88.667	1.4228	0.70285	0.17871	0.23605	1.9600	7.1318	13.773	746.21	-0.041959	0.16583	0.11719	liquid
100.00	88.833	1.4228	0.70282	0.17865	0.23610	1.9595	7.1319	13.772	746.32	-0.041971	0.16586	0.11721	liquid
100.00	89.000	1.4229	0.70279	0.17860	0.23616	1.9589	7.1320	13.771	746.42	-0.041983	0.16589	0.11722	liquid
100.00	89.167	1.4230	0.70276	0.17855	0.23621	1.9584	7.1320	13.770	746.52	-0.041995	0.16592	0.11723	liquid
100.00	89.333	1.4230	0.70273	0.17850	0.23626	1.9578	7.1321	13.769	746.63	-0.042008	0.16595	0.11724	liquid
100.00	89.500	1.4231	0.70271	0.17845	0.23632	1.9573	7.1322	13.768	746.73	-0.042020	0.16598	0.11726	liquid
100.00	89.667	1.4231	0.70268	0.17839	0.23637	1.9568	7.1323	13.767	746.83	-0.042032	0.16601	0.11727	liquid
100.00	89.833	1.4232	0.70265	0.17834	0.23643	1.9562	7.1323	13.766	746.94	-0.042044	0.16604	0.11728	liquid
100.00	90.000	1.4232	0.70262	0.17829	0.23648	1.9557	7.1324	13.765	747.04	-0.042057	0.16607	0.11729	liquid
100.00	90.167	1.4233	0.70259	0.17824	0.23653	1.9551	7.1325	13.764	747.14	-0.042069	0.16610	0.11731	liquid
100.00	90.333	1.4234	0.70256	0.17819	0.23659	1.9546	7.1326	13.763	747.25	-0.042081	0.16613	0.11732	liquid
100.00	90.500	1.4234	0.70253	0.17814	0.23664	1.9540	7.1327	13.762	747.35	-0.042093	0.16616	0.11733	liquid
100.00	90.667	1.4235	0.70250	0.17808	0.23669	1.9535	7.1327	13.761	747.45	-0.042105	0.16619	0.11734	liquid
100.00	90.833	1.4235	0.70247	0.17803	0.23675	1.9530	7.1328	13.760	747.56	-0.042118	0.16622	0.11736	liquid
100.00	91.000	1.4236	0.70245	0.17798	0.23680	1.9524	7.1329	13.759	747.66	-0.042130	0.16625	0.11737	liquid
100.00	91.167	1.4237	0.70242	0.17793	0.23685	1.9519	7.1330	13.758	747.76	-0.042142	0.16628	0.11738	liquid
100.00	91.333	1.4237	0.70239	0.17788	0.23691	1.9513	7.1330	13.757	747.87	-0.042154	0.16631	0.11739	liquid
100.00	91.500	1.4238	0.70236	0.17783	0.23696	1.9508	7.1331	13.756	747.97	-0.042166	0.16634	0.11741	liquid
100.00	91.667	1.4238	0.70233	0.17777	0.23702	1.9503	7.1332	13.755	748.07	-0.042178	0.16637	0.11742	liquid
100.00	91.833	1.4239	0.70230	0.17772	0.23707	1.9497	7.1332	13.754	748.18	-0.042190	0.16640	0.11743	liquid
100.00	92.000	1.4239	0.70227	0.17767	0.23712	1.9492	7.1333	13.753	748.28	-0.042203	0.16644	0.11744	liquid
100.00	92.167	1.4240	0.70225	0.17762	0.23718	1.9486	7.1334	13.752	748.38	-0.042215	0.16647	0.11745	liquid
100.00	92.333	1.4241	0.70222	0.17757	0.23723	1.9481	7.1335	13.751	748.49	-0.042227	0.16650	0.11747	liquid
100.00	92.500	1.4241	0.70219	0.17752	0.23728	1.9476	7.1335	13.750	748.59	-0.042239	0.16653	0.11748	liquid
100.00	92.667	1.4242	0.70216	0.17747	0.23734	1.9470	7.1336	13.749	748.69	-0.042251	0.16656	0.11749	liquid
100.00	92.833	1.4242	0.70213	0.17741	0.23739	1.9465	7.1337	13.748	748.80	-0.042263	0.16659	0.11750	liquid
100.00	93.000	1.4243	0.70210	0.17736	0.23745	1.9459	7.1337	13.748	748.90	-0.042275	0.16662	0.11752	liquid
100.00	93.167	1.4244	0.70207	0.17731	0.23750	1.9454	7.1338	13.747	749.00	-0.042287	0.16665	0.11753	liquid
100.00	93.333	1.4244	0.70204	0.17726	0.23755	1.9449	7.1339	13.746	749.11	-0.042299	0.16668	0.11754	liquid
100.00	93.500	1.4245	0.70202	0.17721	0.23761	1.9443	7.1340	13.745	749.21	-0.042311	0.16671	0.11755	liquid
100.00	93.667	1.4245	0.70199	0.17716	0.23766	1.9438	7.1340	13.744	749.31	-0.042323	0.16674	0.11757	liquid
100.00	93.833	1.4246	0.70196	0.17711	0.23772	1.9433	7.1341	13.743	749.42	-0.042335	0.16677	0.11758	liquid
100.00	94.000	1.4246	0.70193	0.17705	0.23777	1.9427	7.1342	13.742	749.52	-0.042347	0.16680	0.11759	liquid
100.00	94.167	1.4247	0.70190	0.17700	0.23782	1.9422	7.1342	13.741	749.62	-0.042359	0.16683	0.11760	liquid
100.00	94.333	1.4248	0.70187	0.17695	0.23788	1.9416	7.1343	13.740	749.73	-0.042371	0.16686	0.11761	liquid
100.00	94.500	1.4248	0.70184	0.17690	0.23793	1.9411	7.1344	13.739	749.83	-0.042383	0.16689	0.11763	liquid
100.00	94.667	1.4249	0.70182	0.17685	0.23798	1.9406	7.1344	13.738	749.93	-0.042395	0.16692	0.11764	liquid
100.00	94.833	1.4249	0.70179	0.17680	0.23804	1.9400	7.1345	13.737	750.04	-0.042407	0.16695	0.11765	liquid
100.00	95.000	1.4250	0.70176	0.17675	0.23809	1.9395	7.1346	13.736	750.14	-0.042419	0.16698	0.11766	liquid
100.00	95.167	1.4250	0.70173	0.17670	0.23815	1.9390	7.1346	13.735	750.25	-0.042431	0.16701	0.11768	liquid
100.00	95.333	1.4251	0.70170	0.17664	0.23820	1.9384	7.1347	13.734	750.35	-0.042443	0.16704	0.11769	liquid
100.00	95.500	1.4252	0.70167	0.17659	0.23825	1.9379	7.1348	13.733	750.45	-0.042455	0.16707	0.11770	liquid
100.00	95.667	1.4252	0.70165	0.17654	0.23831	1.9373	7.1348	13.732	750.56	-0.042467	0.16711	0.11771	liquid
100.00	95.833	1.4253	0.70162	0.17649	0.23836	1.9368	7.1349	13.731	750.66	-0.042479	0.16714	0.11773	liquid
100.00	96.000	1.4253	0.70159	0.17644	0.23842	1.9363	7.1350	13.730	750.76	-0.042490	0.16717	0.11774	liquid
100.00	96.167	1.4254	0.70156	0.17639	0.23847	1.9357	7.1350	13.729	750.87	-0.042502	0.16720	0.11775	liquid
100.00	96.333	1.4255	0.70153	0.17634	0.23852	1.9352	7.1351	13.728	750.97	-0.042514	0.16723	0.11776	liquid
100.00	96.500	1.4255	0.70150	0.17629	0.23858	1.9347	7.1352	13.728	751.07	-0.042526	0.16726	0.11777	liquid
100.00	96.667	1.4256	0.70148	0.17624	0.23863	1.9341	7.1352	13.727	751.18	-0.042538	0.16729	0.11779	liquid
100.00	96.833	1.4256	0.70145	0.17618	0.23869	1.9336	7.1353	13.726	751.28	-0.042550	0.16732	0.11780	liquid
100.00	97.000	1.4257	0.70142	0.17613	0.23874	1.9331	7.1354	13.725	751.38	-0.042562	0.16735	0.11781	liquid
100.00	97.167	1.4257	0.70139	0.17608	0.23879	1.9325	7.1354	13.724	751.49	-0.042573	0.16738	0.11782	liquid
100.00	97.333	1.4258	0.70136	0.17603	0.23885	1.9320	7.1355	13.723	751.59	-0.042585	0.16741	0.11784	liquid
100.00	97.500	1.4259	0.70133	0.17598	0.23890	1.9315	7.1355	13.722	751.69	-0.042597	0.16744	0.11785	liquid
100.00	97.667	1.4259	0.70131	0.17593	0.23896	1.9309	7.1356	13.721	751.80	-0.042609	0.16747	0.11786	liquid
100.00	97.833	1.4260	0.70128	0.17588	0.23901	1.9304	7.1357	13.720	751.90	-0.042621	0.16750	0.11787	liquid
100.00	98.000	1.4260	0.70125	0.17583	0.23907	1.9299	7.1357	13.719	752.00	-0.042632	0.16753	0.11789	liquid
100.00	98.167	1.4261	0.70122	0.17578	0.23912	1.9293	7.1358	13.718	752.11	-0.042644	0.16756	0.11790	liquid
100.00	98.333	1.4261	0.70119	0.17573	0.23917	1.9288	7.1358	13.717	752.21	-0.042656	0.16759	0.11791	liquid
100.00	98.500	1.4262	0.70116	0.17568	0.23923	1.9283	7.1359	13.716	752.31	-0.042668	0.16762	0.11792	liquid
100.00	98.667	1.4263	0.70114	0.17563	0.23928	1.9277	7.1360	13.715	752.42	-0.042680	0.16765	0.11793	liquid
100.00	98.833	1.4263	0.70111	0.17557	0.23934	1.9272	7.1360	13.714	752.52	-0.042691	0.16768	0.11795	liquid
100.00	99.000	1.4264	0.70108	0.17552	0.23939	1.9267	7.1361	13.713	752.62	-0.042703	0.16771	0.11796	liquid
100.00	99.167	1.4264	0.70105	0.17547	0.23944	1.9261	7.1361	13.713	752.73	-0.042715	0.16774	0.11797	liquid
100.00	99.333	1.4265	0.70102	0.17542	0.23950	1.9256	7.1362	13.712	752.83	-0.042726	0.16777	0.11798	liquid
100.00	99.500	1.4265	0.70100	0.17537	0.23955	1.9251	7.1363	13.711	752.94	-0.042738	0.16781	0.11800	liquid
100.00	99.667	1.4266	0.70097	0.17532	0.23961	1.9245	7.1363	13.710	753.04	-0.042750	0.16784	0.11801	liquid
100.00	99.833	1.4267	0.70094	0.17527	0.23966	1.9240	7.1364	13.709	753.14	-0.042761	0.16787	0.11802	liquid
100.00	100.00	1.4267	0.70091	0.17522	0.23972	1.9235	7.1364	13.708	753.25	-0.042773	0.16790	0.11803	liquid
