Temperature (K)	Pressure (atm)	Density (g/ml)	Volume (ml/g)	Internal Energy (kcal/mol)	Enthalpy (kcal/mol)	Entropy (cal/mol*K)	Cv (cal/mol*K)	Cp (cal/mol*K)	Sound Spd. (m/s)	Joule-Thomson (F/atm)	Viscosity (cP)	Therm. Cond. (W/m*K)	Phase
120.00	0.0000	0.0000	infinite	1.6073	1.8458	-2.3900e+06	4.9758	6.9630	191.69	undefined	0.010063	0.010579	vapor
120.00	0.16667	0.00064434	1552.0	1.6063	1.8444	24.725	4.9856	6.9891	191.50	2.2001	0.010061	0.010583	vapor
120.00	0.33333	0.0012911	774.51	1.6054	1.8429	23.340	4.9954	7.0153	191.30	2.1972	0.010060	0.010587	vapor
120.00	0.50000	0.0019404	515.36	1.6044	1.8415	22.526	5.0052	7.0417	191.11	2.1944	0.010058	0.010591	vapor
120.00	0.66667	0.0025921	385.78	1.6034	1.8401	21.946	5.0150	7.0682	190.91	2.1916	0.010057	0.010595	vapor
120.00	0.83333	0.0032464	308.03	1.6024	1.8386	21.494	5.0248	7.0948	190.72	2.1888	0.010056	0.010599	vapor
120.00	1.0000	0.0039033	256.20	1.6014	1.8372	21.124	5.0345	7.1216	190.52	2.1862	0.010056	0.010603	vapor
120.00	1.1667	0.0045627	219.17	1.6005	1.8358	20.809	5.0442	7.1485	190.32	2.1835	0.010055	0.010608	vapor
120.00	1.3333	0.0052247	191.40	1.5995	1.8343	20.536	5.0539	7.1756	190.12	2.1810	0.010055	0.010612	vapor
120.00	1.5000	0.0058893	169.80	1.5985	1.8329	20.293	5.0636	7.2028	189.92	2.1784	0.010055	0.010617	vapor
120.00	1.6667	0.0065566	152.52	1.5975	1.8314	20.076	5.0733	7.2302	189.72	2.1760	0.010056	0.010622	vapor
120.00	1.8333	0.0072266	138.38	1.5965	1.8299	19.878	5.0830	7.2578	189.52	2.1736	0.010056	0.010627	vapor
120.00	2.0000	0.0078993	126.59	1.5955	1.8285	19.697	5.0927	7.2855	189.32	2.1712	0.010057	0.010632	vapor
120.00	2.1667	0.0085747	116.62	1.5945	1.8270	19.529	5.1023	7.3134	189.11	2.1689	0.010059	0.010637	vapor
120.00	2.3333	0.0092529	108.07	1.5935	1.8255	19.373	5.1120	7.3415	188.91	2.1667	0.010060	0.010642	vapor
120.00	2.5000	0.0099340	100.66	1.5925	1.8241	19.228	5.1216	7.3698	188.70	2.1645	0.010062	0.010648	vapor
120.00	2.6667	0.010618	94.181	1.5915	1.8226	19.091	5.1312	7.3983	188.49	2.1623	0.010064	0.010654	vapor
120.00	2.8333	0.011305	88.460	1.5905	1.8211	18.962	5.1408	7.4269	188.29	2.1602	0.010066	0.010659	vapor
120.00	3.0000	0.011994	83.374	1.5895	1.8196	18.840	5.1505	7.4558	188.08	2.1582	0.010069	0.010665	vapor
120.00	3.1667	0.012687	78.822	1.5884	1.8181	18.724	5.1601	7.4849	187.87	2.1562	0.010072	0.010671	vapor
120.00	3.3333	0.013382	74.725	1.5874	1.8166	18.613	5.1697	7.5141	187.66	2.1543	0.010075	0.010678	vapor
120.00	3.5000	0.014081	71.018	1.5864	1.8151	18.508	5.1793	7.5436	187.44	2.1524	0.010078	0.010684	vapor
120.00	3.6667	0.014782	67.648	1.5854	1.8136	18.407	5.1889	7.5733	187.23	2.1506	0.010082	0.010691	vapor
120.00	3.8333	0.015487	64.570	1.5843	1.8121	18.310	5.1985	7.6033	187.02	2.1488	0.010086	0.010697	vapor
120.00	4.0000	0.016195	61.748	1.5833	1.8106	18.216	5.2081	7.6335	186.80	2.1471	0.010090	0.010704	vapor
120.00	4.1667	0.016906	59.151	1.5823	1.8091	18.126	5.2176	7.6639	186.58	2.1454	0.010095	0.010711	vapor
120.00	4.3333	0.017620	56.754	1.5812	1.8075	18.040	5.2272	7.6946	186.37	2.1438	0.010100	0.010718	vapor
120.00	4.5000	0.018337	54.534	1.5802	1.8060	17.956	5.2368	7.7255	186.15	2.1422	0.010105	0.010726	vapor
120.00	4.6667	0.019058	52.472	1.5792	1.8045	17.875	5.2464	7.7567	185.93	2.1407	0.010110	0.010733	vapor
120.00	4.8333	0.019782	50.551	1.5781	1.8029	17.796	5.2560	7.7881	185.71	2.1393	0.010116	0.010741	vapor
120.00	5.0000	0.020509	48.759	1.5771	1.8014	17.720	5.2657	7.8199	185.48	2.1379	0.010122	0.010749	vapor
120.00	5.1667	0.021240	47.082	1.5760	1.7998	17.646	5.2753	7.8519	185.26	2.1365	0.010128	0.010757	vapor
120.00	5.3333	0.021974	45.509	1.5750	1.7983	17.573	5.2849	7.8842	185.04	2.1352	0.010135	0.010765	vapor
120.00	5.5000	0.022711	44.031	1.5739	1.7967	17.503	5.2945	7.9168	184.81	2.1340	0.010142	0.010773	vapor
120.00	5.6667	0.023452	42.639	1.5728	1.7952	17.435	5.3042	7.9497	184.58	2.1328	0.010149	0.010782	vapor
120.00	5.8333	0.024197	41.327	1.5718	1.7936	17.368	5.3138	7.9830	184.36	2.1316	0.010156	0.010791	vapor
120.00	6.0000	0.024945	40.088	1.5707	1.7920	17.303	5.3235	8.0166	184.13	2.1305	0.010164	0.010800	vapor
120.00	6.1667	0.025697	38.914	1.5696	1.7904	17.239	5.3332	8.0505	183.90	2.1295	0.010172	0.010809	vapor
120.00	6.3333	0.026453	37.803	1.5685	1.7888	17.177	5.3429	8.0847	183.67	2.1285	0.010180	0.010819	vapor
120.00	6.5000	0.027212	36.748	1.5674	1.7872	17.116	5.3526	8.1193	183.43	2.1275	0.010189	0.010828	vapor
120.00	6.6667	0.027976	35.745	1.5664	1.7856	17.056	5.3623	8.1543	183.20	2.1267	0.010198	0.010838	vapor
120.00	6.8333	0.028743	34.791	1.5653	1.7840	16.998	5.3721	8.1897	182.96	2.1258	0.010207	0.010848	vapor
120.00	7.0000	0.029514	33.882	1.5642	1.7824	16.940	5.3818	8.2254	182.73	2.1250	0.010217	0.010858	vapor
120.00	7.1667	0.030289	33.015	1.5631	1.7808	16.884	5.3916	8.2616	182.49	2.1243	0.010227	0.010869	vapor
120.00	7.3333	0.031068	32.188	1.5620	1.7792	16.829	5.4014	8.2981	182.25	2.1236	0.010237	0.010880	vapor
120.00	7.5000	0.031851	31.396	1.5609	1.7775	16.775	5.4113	8.3351	182.01	2.1230	0.010247	0.010891	vapor
120.00	7.6667	0.032638	30.639	1.5597	1.7759	16.721	5.4212	8.3725	181.77	2.1224	0.010258	0.010902	vapor
120.00	7.8333	0.033430	29.913	1.5586	1.7742	16.669	5.4311	8.4104	181.53	2.1219	0.010269	0.010913	vapor
120.00	8.0000	0.034226	29.218	1.5575	1.7726	16.617	5.4410	8.4488	181.28	2.1214	0.010281	0.010925	vapor
120.00	8.1667	0.035026	28.550	1.5564	1.7709	16.567	5.4510	8.4876	181.04	2.1210	0.010292	0.010937	vapor
120.00	8.3333	0.035830	27.909	1.5552	1.7692	16.517	5.4610	8.5269	180.79	2.1207	0.010305	0.010949	vapor
120.00	8.5000	0.036639	27.293	1.5541	1.7676	16.467	5.4710	8.5668	180.54	2.1204	0.010317	0.010962	vapor
120.00	8.6667	0.037453	26.700	1.5530	1.7659	16.419	5.4811	8.6071	180.29	2.1201	0.010330	0.010975	vapor
120.00	8.8333	0.038271	26.129	1.5518	1.7642	16.371	5.4912	8.6480	180.04	2.1199	0.010343	0.010988	vapor
120.00	9.0000	0.039094	25.580	1.5506	1.7625	16.324	5.5014	8.6895	179.79	2.1197	0.010356	0.011001	vapor
120.00	9.1667	0.039921	25.049	1.5495	1.7608	16.277	5.5116	8.7315	179.53	2.1197	0.010370	0.011015	vapor
120.00	9.3333	0.040754	24.538	1.5483	1.7591	16.231	5.5219	8.7742	179.28	2.1196	0.010384	0.011029	vapor
120.00	9.5000	0.041591	24.044	1.5472	1.7573	16.186	5.5322	8.8175	179.02	2.1196	0.010398	0.011043	vapor
120.00	9.6667	0.042434	23.566	1.5460	1.7556	16.141	5.5426	8.8614	178.76	2.1197	0.010413	0.011058	vapor
120.00	9.8333	0.043281	23.105	1.5448	1.7539	16.096	5.5530	8.9059	178.50	2.1198	0.010428	0.011073	vapor
120.00	10.000	0.044134	22.658	1.5436	1.7521	16.053	5.5635	8.9512	178.24	2.1200	0.010444	0.011088	vapor
120.00	10.167	0.044991	22.226	1.5424	1.7503	16.009	5.5740	8.9971	177.98	2.1202	0.010459	0.011104	vapor
120.00	10.333	0.045855	21.808	1.5412	1.7486	15.966	5.5847	9.0438	177.71	2.1205	0.010476	0.011120	vapor
120.00	10.500	0.046723	21.403	1.5400	1.7468	15.924	5.5953	9.0912	177.45	2.1208	0.010492	0.011136	vapor
120.00	10.667	0.047597	21.010	1.5388	1.7450	15.882	5.6061	9.1395	177.18	2.1212	0.010509	0.011153	vapor
120.00	10.833	0.048477	20.628	1.5376	1.7432	15.840	5.6169	9.1885	176.91	2.1217	0.010526	0.011170	vapor
120.00	11.000	0.049363	20.258	1.5363	1.7414	15.799	5.6278	9.2384	176.64	2.1222	0.010544	0.011187	vapor
120.00	11.167	0.050254	19.899	1.5351	1.7396	15.758	5.6388	9.2891	176.37	2.1228	0.010562	0.011205	vapor
120.00	11.333	0.051152	19.550	1.5339	1.7377	15.718	5.6499	9.3408	176.09	2.1234	0.010580	0.011223	vapor
120.00	11.500	0.052055	19.210	1.5326	1.7359	15.678	5.6611	9.3933	175.81	2.1241	0.010599	0.011242	vapor
120.00	11.667	0.052965	18.880	1.5314	1.7340	15.638	5.6724	9.4469	175.54	2.1248	0.010618	0.011261	vapor
120.00	11.833	0.053881	18.560	1.5301	1.7322	15.598	5.6837	9.5014	175.26	2.1256	0.010638	0.011281	vapor
120.00	12.000	0.054803	18.247	1.5288	1.7303	15.559	5.6952	9.5570	174.97	2.1265	0.010657	0.011300	vapor
120.00	12.167	0.055732	17.943	1.5275	1.7284	15.520	5.7068	9.6137	174.69	2.1274	0.010678	0.011321	vapor
120.00	12.333	0.056668	17.647	1.5262	1.7265	15.482	5.7185	9.6715	174.40	2.1283	0.010699	0.011342	vapor
120.00	12.500	0.057610	17.358	1.5249	1.7246	15.444	5.7303	9.7305	174.12	2.1294	0.010720	0.011363	vapor
120.00	12.667	0.058559	17.077	1.5236	1.7227	15.405	5.7422	9.7907	173.83	2.1305	0.010741	0.011385	vapor
120.00	12.833	0.059516	16.802	1.5223	1.7207	15.368	5.7543	9.8522	173.53	2.1316	0.010763	0.011408	vapor
120.00	13.000	0.060480	16.534	1.5210	1.7188	15.330	5.7665	9.9150	173.24	2.1328	0.010786	0.011431	vapor
120.00	13.167	0.061451	16.273	1.5197	1.7168	15.293	5.7788	9.9792	172.94	2.1341	0.010808	0.011454	vapor
120.00	13.333	0.062430	16.018	1.5183	1.7148	15.256	5.7913	10.045	172.65	2.1354	0.010832	0.011478	vapor
120.00	13.500	0.063416	15.769	1.5170	1.7129	15.219	5.8039	10.112	172.34	2.1368	0.010855	0.011503	vapor
120.00	13.667	0.064411	15.525	1.5156	1.7108	15.182	5.8168	10.181	172.04	2.1383	0.010880	0.011528	vapor
120.00	13.833	0.065414	15.287	1.5142	1.7088	15.145	5.8297	10.251	171.74	2.1398	0.010904	0.011554	vapor
120.00	14.000	0.066425	15.055	1.5128	1.7068	15.109	5.8429	10.323	171.43	2.1414	0.010929	0.011581	vapor
120.00	14.167	0.067444	14.827	1.5114	1.7047	15.073	5.8562	10.397	171.12	2.1431	0.010955	0.011608	vapor
120.00	14.333	0.068473	14.604	1.5100	1.7027	15.037	5.8698	10.473	170.81	2.1448	0.010981	0.011636	vapor
120.00	14.500	0.069510	14.386	1.5086	1.7006	15.001	5.8835	10.550	170.49	2.1466	0.011008	0.011665	vapor
120.00	14.667	0.070556	14.173	1.5072	1.6985	14.965	5.8975	10.630	170.17	2.1485	0.011035	0.011694	vapor
120.00	14.833	0.071612	13.964	1.5057	1.6963	14.929	5.9117	10.712	169.85	2.1504	0.011062	0.011725	vapor
120.00	15.000	0.072678	13.759	1.5043	1.6942	14.894	5.9262	10.796	169.53	2.1524	0.011090	0.011756	vapor
120.00	15.167	0.073753	13.559	1.5028	1.6920	14.858	5.9408	10.883	169.20	2.1545	0.011119	0.011788	vapor
120.00	15.333	0.074839	13.362	1.5013	1.6899	14.823	5.9558	10.972	168.87	2.1566	0.011148	0.011820	vapor
120.00	15.500	0.075935	13.169	1.4998	1.6877	14.788	5.9710	11.063	168.54	2.1588	0.011178	0.011854	vapor
120.00	15.667	0.077042	12.980	1.4983	1.6854	14.752	5.9865	11.158	168.21	2.1611	0.011208	0.011889	vapor
120.00	15.833	0.078160	12.794	1.4968	1.6832	14.717	6.0024	11.255	167.87	2.1635	0.011239	0.011924	vapor
120.00	16.000	0.079289	12.612	1.4952	1.6809	14.682	6.0185	11.355	167.53	2.1659	0.011270	0.011961	vapor
120.00	16.128	0.080165	12.474	1.4940	1.6792	14.655	6.0311	11.435	167.26	2.1678	0.011295	0.011990	vapor
120.00	16.128	1.2074	0.82822	0.50701	0.51930	4.9897	6.6555	16.866	506.53	0.012553	0.095341	0.083062	liquid
120.00	16.167	1.2075	0.82819	0.50698	0.51930	4.9894	6.6555	16.864	506.59	0.012531	0.095348	0.083066	liquid
120.00	16.333	1.2076	0.82807	0.50683	0.51928	4.9882	6.6554	16.856	506.83	0.012435	0.095382	0.083086	liquid
120.00	16.500	1.2078	0.82796	0.50669	0.51926	4.9870	6.6553	16.849	507.07	0.012340	0.095415	0.083106	liquid
120.00	16.667	1.2080	0.82785	0.50654	0.51924	4.9857	6.6553	16.841	507.31	0.012245	0.095448	0.083126	liquid
120.00	16.833	1.2081	0.82773	0.50640	0.51922	4.9845	6.6552	16.834	507.55	0.012150	0.095482	0.083145	liquid
120.00	17.000	1.2083	0.82762	0.50625	0.51920	4.9833	6.6551	16.826	507.79	0.012055	0.095515	0.083165	liquid
120.00	17.167	1.2084	0.82751	0.50611	0.51918	4.9821	6.6551	16.819	508.03	0.011961	0.095548	0.083185	liquid
120.00	17.333	1.2086	0.82739	0.50597	0.51916	4.9809	6.6550	16.812	508.27	0.011867	0.095582	0.083204	liquid
120.00	17.500	1.2088	0.82728	0.50582	0.51915	4.9797	6.6549	16.804	508.50	0.011773	0.095615	0.083224	liquid
120.00	17.667	1.2089	0.82717	0.50568	0.51913	4.9785	6.6549	16.797	508.74	0.011680	0.095648	0.083243	liquid
120.00	17.833	1.2091	0.82705	0.50554	0.51911	4.9773	6.6548	16.789	508.98	0.011586	0.095681	0.083263	liquid
120.00	18.000	1.2093	0.82694	0.50539	0.51909	4.9760	6.6548	16.782	509.21	0.011493	0.095714	0.083283	liquid
120.00	18.167	1.2094	0.82683	0.50525	0.51907	4.9748	6.6547	16.775	509.45	0.011400	0.095747	0.083302	liquid
120.00	18.333	1.2096	0.82672	0.50511	0.51906	4.9736	6.6547	16.768	509.68	0.011308	0.095780	0.083322	liquid
120.00	18.500	1.2098	0.82661	0.50497	0.51904	4.9724	6.6546	16.760	509.92	0.011216	0.095813	0.083341	liquid
120.00	18.667	1.2099	0.82649	0.50482	0.51902	4.9712	6.6546	16.753	510.15	0.011123	0.095846	0.083361	liquid
120.00	18.833	1.2101	0.82638	0.50468	0.51900	4.9700	6.6545	16.746	510.39	0.011032	0.095879	0.083380	liquid
120.00	19.000	1.2103	0.82627	0.50454	0.51899	4.9688	6.6545	16.739	510.62	0.010940	0.095912	0.083400	liquid
120.00	19.167	1.2104	0.82616	0.50440	0.51897	4.9676	6.6545	16.732	510.86	0.010849	0.095945	0.083419	liquid
120.00	19.333	1.2106	0.82605	0.50426	0.51895	4.9664	6.6544	16.724	511.09	0.010757	0.095978	0.083438	liquid
120.00	19.500	1.2107	0.82594	0.50412	0.51894	4.9653	6.6544	16.717	511.32	0.010667	0.096011	0.083458	liquid
120.00	19.667	1.2109	0.82583	0.50397	0.51892	4.9641	6.6543	16.710	511.55	0.010576	0.096044	0.083477	liquid
120.00	19.833	1.2111	0.82572	0.50383	0.51890	4.9629	6.6543	16.703	511.79	0.010485	0.096077	0.083497	liquid
120.00	20.000	1.2112	0.82561	0.50369	0.51889	4.9617	6.6543	16.696	512.02	0.010395	0.096109	0.083516	liquid
120.00	20.167	1.2114	0.82550	0.50355	0.51887	4.9605	6.6542	16.689	512.25	0.010305	0.096142	0.083535	liquid
120.00	20.333	1.2116	0.82539	0.50341	0.51886	4.9593	6.6542	16.682	512.48	0.010216	0.096175	0.083555	liquid
120.00	20.500	1.2117	0.82528	0.50327	0.51884	4.9581	6.6542	16.675	512.71	0.010126	0.096208	0.083574	liquid
120.00	20.667	1.2119	0.82517	0.50313	0.51882	4.9569	6.6542	16.668	512.94	0.010037	0.096240	0.083593	liquid
120.00	20.833	1.2120	0.82506	0.50299	0.51881	4.9557	6.6541	16.661	513.17	0.0099477	0.096273	0.083612	liquid
120.00	21.000	1.2122	0.82495	0.50285	0.51879	4.9546	6.6541	16.654	513.40	0.0098589	0.096306	0.083632	liquid
120.00	21.167	1.2124	0.82484	0.50271	0.51878	4.9534	6.6541	16.647	513.63	0.0097703	0.096338	0.083651	liquid
120.00	21.333	1.2125	0.82473	0.50257	0.51876	4.9522	6.6541	16.641	513.86	0.0096819	0.096371	0.083670	liquid
120.00	21.500	1.2127	0.82462	0.50243	0.51875	4.9510	6.6540	16.634	514.08	0.0095937	0.096403	0.083689	liquid
120.00	21.667	1.2128	0.82451	0.50230	0.51873	4.9499	6.6540	16.627	514.31	0.0095058	0.096436	0.083709	liquid
120.00	21.833	1.2130	0.82441	0.50216	0.51872	4.9487	6.6540	16.620	514.54	0.0094181	0.096468	0.083728	liquid
120.00	22.000	1.2132	0.82430	0.50202	0.51870	4.9475	6.6540	16.613	514.77	0.0093306	0.096501	0.083747	liquid
120.00	22.167	1.2133	0.82419	0.50188	0.51869	4.9463	6.6540	16.606	514.99	0.0092433	0.096533	0.083766	liquid
120.00	22.333	1.2135	0.82408	0.50174	0.51868	4.9452	6.6540	16.600	515.22	0.0091562	0.096565	0.083785	liquid
120.00	22.500	1.2136	0.82397	0.50160	0.51866	4.9440	6.6540	16.593	515.44	0.0090694	0.096598	0.083804	liquid
120.00	22.667	1.2138	0.82387	0.50146	0.51865	4.9428	6.6539	16.586	515.67	0.0089828	0.096630	0.083823	liquid
120.00	22.833	1.2139	0.82376	0.50133	0.51863	4.9417	6.6539	16.580	515.89	0.0088963	0.096663	0.083842	liquid
120.00	23.000	1.2141	0.82365	0.50119	0.51862	4.9405	6.6539	16.573	516.12	0.0088101	0.096695	0.083861	liquid
120.00	23.167	1.2143	0.82355	0.50105	0.51861	4.9393	6.6539	16.566	516.34	0.0087241	0.096727	0.083880	liquid
120.00	23.333	1.2144	0.82344	0.50091	0.51859	4.9382	6.6539	16.560	516.57	0.0086384	0.096759	0.083899	liquid
120.00	23.500	1.2146	0.82333	0.50078	0.51858	4.9370	6.6539	16.553	516.79	0.0085528	0.096792	0.083918	liquid
120.00	23.667	1.2147	0.82323	0.50064	0.51857	4.9358	6.6539	16.546	517.01	0.0084674	0.096824	0.083937	liquid
120.00	23.833	1.2149	0.82312	0.50050	0.51856	4.9347	6.6539	16.540	517.24	0.0083823	0.096856	0.083956	liquid
120.00	24.000	1.2150	0.82301	0.50037	0.51854	4.9335	6.6539	16.533	517.46	0.0082973	0.096888	0.083975	liquid
120.00	24.167	1.2152	0.82291	0.50023	0.51853	4.9324	6.6539	16.527	517.68	0.0082126	0.096920	0.083994	liquid
120.00	24.333	1.2154	0.82280	0.50009	0.51852	4.9312	6.6539	16.520	517.90	0.0081281	0.096952	0.084013	liquid
120.00	24.500	1.2155	0.82269	0.49996	0.51851	4.9301	6.6539	16.514	518.13	0.0080437	0.096984	0.084032	liquid
120.00	24.667	1.2157	0.82259	0.49982	0.51849	4.9289	6.6539	16.507	518.35	0.0079596	0.097016	0.084051	liquid
120.00	24.833	1.2158	0.82248	0.49969	0.51848	4.9277	6.6539	16.501	518.57	0.0078757	0.097048	0.084070	liquid
120.00	25.000	1.2160	0.82238	0.49955	0.51847	4.9266	6.6540	16.494	518.79	0.0077920	0.097080	0.084089	liquid
120.00	25.167	1.2161	0.82227	0.49941	0.51846	4.9254	6.6540	16.488	519.01	0.0077085	0.097112	0.084108	liquid
120.00	25.333	1.2163	0.82217	0.49928	0.51845	4.9243	6.6540	16.482	519.23	0.0076252	0.097144	0.084127	liquid
120.00	25.500	1.2165	0.82206	0.49914	0.51843	4.9232	6.6540	16.475	519.45	0.0075421	0.097176	0.084145	liquid
120.00	25.667	1.2166	0.82196	0.49901	0.51842	4.9220	6.6540	16.469	519.67	0.0074591	0.097208	0.084164	liquid
120.00	25.833	1.2168	0.82185	0.49887	0.51841	4.9209	6.6540	16.463	519.89	0.0073764	0.097240	0.084183	liquid
120.00	26.000	1.2169	0.82175	0.49874	0.51840	4.9197	6.6540	16.456	520.11	0.0072939	0.097272	0.084202	liquid
120.00	26.167	1.2171	0.82165	0.49861	0.51839	4.9186	6.6541	16.450	520.32	0.0072116	0.097304	0.084220	liquid
120.00	26.333	1.2172	0.82154	0.49847	0.51838	4.9174	6.6541	16.444	520.54	0.0071295	0.097335	0.084239	liquid
120.00	26.500	1.2174	0.82144	0.49834	0.51837	4.9163	6.6541	16.437	520.76	0.0070475	0.097367	0.084258	liquid
120.00	26.667	1.2175	0.82133	0.49820	0.51836	4.9152	6.6541	16.431	520.98	0.0069658	0.097399	0.084277	liquid
120.00	26.833	1.2177	0.82123	0.49807	0.51835	4.9140	6.6541	16.425	521.19	0.0068843	0.097431	0.084295	liquid
120.00	27.000	1.2178	0.82113	0.49793	0.51834	4.9129	6.6542	16.419	521.41	0.0068029	0.097462	0.084314	liquid
120.00	27.167	1.2180	0.82102	0.49780	0.51833	4.9117	6.6542	16.412	521.63	0.0067217	0.097494	0.084333	liquid
120.00	27.333	1.2181	0.82092	0.49767	0.51832	4.9106	6.6542	16.406	521.84	0.0066408	0.097526	0.084351	liquid
120.00	27.500	1.2183	0.82082	0.49753	0.51831	4.9095	6.6542	16.400	522.06	0.0065600	0.097557	0.084370	liquid
120.00	27.667	1.2184	0.82072	0.49740	0.51830	4.9084	6.6543	16.394	522.27	0.0064794	0.097589	0.084389	liquid
120.00	27.833	1.2186	0.82061	0.49727	0.51829	4.9072	6.6543	16.388	522.49	0.0063990	0.097620	0.084407	liquid
120.00	28.000	1.2188	0.82051	0.49714	0.51828	4.9061	6.6543	16.382	522.70	0.0063188	0.097652	0.084426	liquid
120.00	28.167	1.2189	0.82041	0.49700	0.51827	4.9050	6.6543	16.376	522.92	0.0062388	0.097684	0.084444	liquid
120.00	28.333	1.2191	0.82031	0.49687	0.51826	4.9038	6.6544	16.369	523.13	0.0061589	0.097715	0.084463	liquid
120.00	28.500	1.2192	0.82020	0.49674	0.51825	4.9027	6.6544	16.363	523.35	0.0060793	0.097747	0.084481	liquid
120.00	28.667	1.2194	0.82010	0.49661	0.51824	4.9016	6.6544	16.357	523.56	0.0059998	0.097778	0.084500	liquid
120.00	28.833	1.2195	0.82000	0.49647	0.51823	4.9005	6.6545	16.351	523.77	0.0059205	0.097809	0.084519	liquid
120.00	29.000	1.2197	0.81990	0.49634	0.51822	4.8993	6.6545	16.345	523.99	0.0058414	0.097841	0.084537	liquid
120.00	29.167	1.2198	0.81980	0.49621	0.51821	4.8982	6.6546	16.339	524.20	0.0057625	0.097872	0.084556	liquid
120.00	29.333	1.2200	0.81970	0.49608	0.51820	4.8971	6.6546	16.333	524.41	0.0056838	0.097904	0.084574	liquid
120.00	29.500	1.2201	0.81959	0.49595	0.51819	4.8960	6.6546	16.327	524.62	0.0056052	0.097935	0.084592	liquid
120.00	29.667	1.2203	0.81949	0.49582	0.51819	4.8949	6.6547	16.321	524.84	0.0055268	0.097966	0.084611	liquid
120.00	29.833	1.2204	0.81939	0.49568	0.51818	4.8937	6.6547	16.315	525.05	0.0054486	0.097998	0.084629	liquid
120.00	30.000	1.2206	0.81929	0.49555	0.51817	4.8926	6.6548	16.310	525.26	0.0053706	0.098029	0.084648	liquid
120.00	30.167	1.2207	0.81919	0.49542	0.51816	4.8915	6.6548	16.304	525.47	0.0052927	0.098060	0.084666	liquid
120.00	30.333	1.2209	0.81909	0.49529	0.51815	4.8904	6.6548	16.298	525.68	0.0052151	0.098091	0.084685	liquid
120.00	30.500	1.2210	0.81899	0.49516	0.51815	4.8893	6.6549	16.292	525.89	0.0051376	0.098123	0.084703	liquid
120.00	30.667	1.2212	0.81889	0.49503	0.51814	4.8882	6.6549	16.286	526.10	0.0050603	0.098154	0.084721	liquid
120.00	30.833	1.2213	0.81879	0.49490	0.51813	4.8871	6.6550	16.280	526.31	0.0049831	0.098185	0.084740	liquid
120.00	31.000	1.2215	0.81869	0.49477	0.51812	4.8860	6.6550	16.274	526.52	0.0049062	0.098216	0.084758	liquid
120.00	31.167	1.2216	0.81859	0.49464	0.51812	4.8849	6.6551	16.269	526.73	0.0048294	0.098247	0.084776	liquid
120.00	31.333	1.2218	0.81849	0.49451	0.51811	4.8838	6.6551	16.263	526.94	0.0047528	0.098278	0.084795	liquid
120.00	31.500	1.2219	0.81839	0.49438	0.51810	4.8826	6.6552	16.257	527.15	0.0046763	0.098309	0.084813	liquid
120.00	31.667	1.2221	0.81829	0.49425	0.51809	4.8815	6.6552	16.251	527.35	0.0046000	0.098340	0.084831	liquid
120.00	31.833	1.2222	0.81819	0.49412	0.51809	4.8804	6.6553	16.245	527.56	0.0045239	0.098372	0.084849	liquid
120.00	32.000	1.2224	0.81809	0.49399	0.51808	4.8793	6.6553	16.240	527.77	0.0044480	0.098403	0.084868	liquid
120.00	32.167	1.2225	0.81799	0.49386	0.51807	4.8782	6.6554	16.234	527.98	0.0043722	0.098434	0.084886	liquid
120.00	32.333	1.2227	0.81790	0.49373	0.51807	4.8771	6.6554	16.228	528.19	0.0042966	0.098464	0.084904	liquid
120.00	32.500	1.2228	0.81780	0.49360	0.51806	4.8760	6.6555	16.223	528.39	0.0042212	0.098495	0.084922	liquid
120.00	32.667	1.2229	0.81770	0.49348	0.51806	4.8749	6.6555	16.217	528.60	0.0041459	0.098526	0.084941	liquid
120.00	32.833	1.2231	0.81760	0.49335	0.51805	4.8738	6.6556	16.211	528.81	0.0040708	0.098557	0.084959	liquid
120.00	33.000	1.2232	0.81750	0.49322	0.51804	4.8727	6.6556	16.206	529.01	0.0039959	0.098588	0.084977	liquid
120.00	33.167	1.2234	0.81740	0.49309	0.51804	4.8717	6.6557	16.200	529.22	0.0039211	0.098619	0.084995	liquid
120.00	33.333	1.2235	0.81731	0.49296	0.51803	4.8706	6.6558	16.194	529.42	0.0038465	0.098650	0.085013	liquid
120.00	33.500	1.2237	0.81721	0.49283	0.51803	4.8695	6.6558	16.189	529.63	0.0037721	0.098681	0.085031	liquid
120.00	33.667	1.2238	0.81711	0.49271	0.51802	4.8684	6.6559	16.183	529.83	0.0036978	0.098711	0.085049	liquid
120.00	33.833	1.2240	0.81701	0.49258	0.51801	4.8673	6.6559	16.178	530.04	0.0036237	0.098742	0.085068	liquid
120.00	34.000	1.2241	0.81691	0.49245	0.51801	4.8662	6.6560	16.172	530.24	0.0035498	0.098773	0.085086	liquid
120.00	34.167	1.2243	0.81682	0.49232	0.51800	4.8651	6.6561	16.167	530.45	0.0034760	0.098804	0.085104	liquid
120.00	34.333	1.2244	0.81672	0.49220	0.51800	4.8640	6.6561	16.161	530.65	0.0034024	0.098834	0.085122	liquid
120.00	34.500	1.2246	0.81662	0.49207	0.51799	4.8629	6.6562	16.156	530.86	0.0033289	0.098865	0.085140	liquid
120.00	34.667	1.2247	0.81653	0.49194	0.51799	4.8619	6.6563	16.150	531.06	0.0032556	0.098896	0.085158	liquid
120.00	34.833	1.2248	0.81643	0.49181	0.51798	4.8608	6.6563	16.145	531.26	0.0031825	0.098927	0.085176	liquid
120.00	35.000	1.2250	0.81633	0.49169	0.51798	4.8597	6.6564	16.139	531.46	0.0031095	0.098957	0.085194	liquid
120.00	35.167	1.2251	0.81624	0.49156	0.51797	4.8586	6.6564	16.134	531.67	0.0030366	0.098988	0.085212	liquid
120.00	35.333	1.2253	0.81614	0.49143	0.51797	4.8575	6.6565	16.128	531.87	0.0029640	0.099018	0.085230	liquid
120.00	35.500	1.2254	0.81604	0.49131	0.51797	4.8564	6.6566	16.123	532.07	0.0028915	0.099049	0.085248	liquid
120.00	35.667	1.2256	0.81595	0.49118	0.51796	4.8554	6.6566	16.117	532.27	0.0028191	0.099079	0.085266	liquid
120.00	35.833	1.2257	0.81585	0.49106	0.51796	4.8543	6.6567	16.112	532.48	0.0027469	0.099110	0.085284	liquid
120.00	36.000	1.2259	0.81576	0.49093	0.51795	4.8532	6.6568	16.107	532.68	0.0026748	0.099141	0.085302	liquid
120.00	36.167	1.2260	0.81566	0.49080	0.51795	4.8521	6.6569	16.101	532.88	0.0026030	0.099171	0.085320	liquid
120.00	36.333	1.2261	0.81556	0.49068	0.51795	4.8511	6.6569	16.096	533.08	0.0025312	0.099202	0.085338	liquid
120.00	36.500	1.2263	0.81547	0.49055	0.51794	4.8500	6.6570	16.091	533.28	0.0024596	0.099232	0.085355	liquid
120.00	36.667	1.2264	0.81537	0.49043	0.51794	4.8489	6.6571	16.085	533.48	0.0023882	0.099262	0.085373	liquid
120.00	36.833	1.2266	0.81528	0.49030	0.51793	4.8479	6.6571	16.080	533.68	0.0023169	0.099293	0.085391	liquid
120.00	37.000	1.2267	0.81518	0.49018	0.51793	4.8468	6.6572	16.075	533.88	0.0022458	0.099323	0.085409	liquid
120.00	37.167	1.2269	0.81509	0.49005	0.51793	4.8457	6.6573	16.069	534.08	0.0021748	0.099354	0.085427	liquid
120.00	37.333	1.2270	0.81499	0.48993	0.51792	4.8446	6.6574	16.064	534.28	0.0021040	0.099384	0.085445	liquid
120.00	37.500	1.2271	0.81490	0.48980	0.51792	4.8436	6.6574	16.059	534.48	0.0020333	0.099414	0.085463	liquid
120.00	37.667	1.2273	0.81480	0.48968	0.51792	4.8425	6.6575	16.054	534.68	0.0019628	0.099445	0.085480	liquid
120.00	37.833	1.2274	0.81471	0.48955	0.51792	4.8414	6.6576	16.048	534.88	0.0018924	0.099475	0.085498	liquid
120.00	38.000	1.2276	0.81461	0.48943	0.51791	4.8404	6.6577	16.043	535.08	0.0018221	0.099505	0.085516	liquid
120.00	38.167	1.2277	0.81452	0.48930	0.51791	4.8393	6.6577	16.038	535.27	0.0017520	0.099535	0.085534	liquid
120.00	38.333	1.2279	0.81443	0.48918	0.51791	4.8383	6.6578	16.033	535.47	0.0016821	0.099566	0.085551	liquid
120.00	38.500	1.2280	0.81433	0.48906	0.51791	4.8372	6.6579	16.028	535.67	0.0016123	0.099596	0.085569	liquid
120.00	38.667	1.2281	0.81424	0.48893	0.51790	4.8361	6.6580	16.022	535.87	0.0015427	0.099626	0.085587	liquid
120.00	38.833	1.2283	0.81414	0.48881	0.51790	4.8351	6.6581	16.017	536.07	0.0014732	0.099656	0.085605	liquid
120.00	39.000	1.2284	0.81405	0.48868	0.51790	4.8340	6.6581	16.012	536.26	0.0014038	0.099686	0.085622	liquid
120.00	39.167	1.2286	0.81396	0.48856	0.51790	4.8330	6.6582	16.007	536.46	0.0013346	0.099717	0.085640	liquid
120.00	39.333	1.2287	0.81386	0.48844	0.51789	4.8319	6.6583	16.002	536.66	0.0012655	0.099747	0.085658	liquid
120.00	39.500	1.2288	0.81377	0.48831	0.51789	4.8308	6.6584	15.997	536.85	0.0011966	0.099777	0.085675	liquid
120.00	39.667	1.2290	0.81368	0.48819	0.51789	4.8298	6.6585	15.992	537.05	0.0011278	0.099807	0.085693	liquid
120.00	39.833	1.2291	0.81358	0.48807	0.51789	4.8287	6.6585	15.987	537.25	0.0010592	0.099837	0.085711	liquid
120.00	40.000	1.2293	0.81349	0.48795	0.51789	4.8277	6.6586	15.982	537.44	0.00099068	0.099867	0.085728	liquid
120.00	40.167	1.2294	0.81340	0.48782	0.51789	4.8266	6.6587	15.976	537.64	0.00092232	0.099897	0.085746	liquid
120.00	40.333	1.2295	0.81331	0.48770	0.51789	4.8256	6.6588	15.971	537.83	0.00085410	0.099927	0.085764	liquid
120.00	40.500	1.2297	0.81321	0.48758	0.51788	4.8245	6.6589	15.966	538.03	0.00078602	0.099957	0.085781	liquid
120.00	40.667	1.2298	0.81312	0.48746	0.51788	4.8235	6.6590	15.961	538.22	0.00071809	0.099987	0.085799	liquid
120.00	40.833	1.2300	0.81303	0.48733	0.51788	4.8224	6.6590	15.956	538.42	0.00065029	0.10002	0.085816	liquid
120.00	41.000	1.2301	0.81294	0.48721	0.51788	4.8214	6.6591	15.951	538.61	0.00058263	0.10005	0.085834	liquid
120.00	41.167	1.2302	0.81284	0.48709	0.51788	4.8203	6.6592	15.946	538.81	0.00051510	0.10008	0.085851	liquid
120.00	41.333	1.2304	0.81275	0.48697	0.51788	4.8193	6.6593	15.941	539.00	0.00044772	0.10011	0.085869	liquid
120.00	41.500	1.2305	0.81266	0.48685	0.51788	4.8183	6.6594	15.936	539.19	0.00038047	0.10014	0.085887	liquid
120.00	41.667	1.2307	0.81257	0.48672	0.51788	4.8172	6.6595	15.932	539.39	0.00031336	0.10017	0.085904	liquid
120.00	41.833	1.2308	0.81248	0.48660	0.51788	4.8162	6.6596	15.927	539.58	0.00024639	0.10020	0.085922	liquid
120.00	42.000	1.2309	0.81239	0.48648	0.51788	4.8151	6.6596	15.922	539.77	0.00017955	0.10023	0.085939	liquid
120.00	42.167	1.2311	0.81229	0.48636	0.51788	4.8141	6.6597	15.917	539.97	0.00011285	0.10026	0.085957	liquid
120.00	42.333	1.2312	0.81220	0.48624	0.51788	4.8131	6.6598	15.912	540.16	4.6278e-05	0.10029	0.085974	liquid
120.00	42.500	1.2314	0.81211	0.48612	0.51788	4.8120	6.6599	15.907	540.35	-2.0156e-05	0.10032	0.085991	liquid
120.00	42.667	1.2315	0.81202	0.48600	0.51788	4.8110	6.6600	15.902	540.55	-8.6456e-05	0.10035	0.086009	liquid
120.00	42.833	1.2316	0.81193	0.48588	0.51788	4.8099	6.6601	15.897	540.74	-0.00015262	0.10038	0.086026	liquid
120.00	43.000	1.2318	0.81184	0.48576	0.51788	4.8089	6.6602	15.892	540.93	-0.00021866	0.10040	0.086044	liquid
120.00	43.167	1.2319	0.81175	0.48563	0.51788	4.8079	6.6603	15.888	541.12	-0.00028456	0.10043	0.086061	liquid
120.00	43.333	1.2320	0.81166	0.48551	0.51788	4.8068	6.6604	15.883	541.31	-0.00035033	0.10046	0.086079	liquid
120.00	43.500	1.2322	0.81157	0.48539	0.51788	4.8058	6.6605	15.878	541.50	-0.00041597	0.10049	0.086096	liquid
120.00	43.667	1.2323	0.81148	0.48527	0.51788	4.8048	6.6606	15.873	541.70	-0.00048147	0.10052	0.086113	liquid
120.00	43.833	1.2325	0.81139	0.48515	0.51788	4.8037	6.6606	15.868	541.89	-0.00054685	0.10055	0.086131	liquid
120.00	44.000	1.2326	0.81130	0.48503	0.51788	4.8027	6.6607	15.864	542.08	-0.00061210	0.10058	0.086148	liquid
120.00	44.167	1.2327	0.81121	0.48491	0.51788	4.8017	6.6608	15.859	542.27	-0.00067722	0.10061	0.086165	liquid
120.00	44.333	1.2329	0.81112	0.48479	0.51788	4.8007	6.6609	15.854	542.46	-0.00074220	0.10064	0.086183	liquid
120.00	44.500	1.2330	0.81103	0.48467	0.51788	4.7996	6.6610	15.849	542.65	-0.00080706	0.10067	0.086200	liquid
120.00	44.667	1.2331	0.81094	0.48456	0.51789	4.7986	6.6611	15.845	542.84	-0.00087179	0.10070	0.086217	liquid
120.00	44.833	1.2333	0.81085	0.48444	0.51789	4.7976	6.6612	15.840	543.03	-0.00093640	0.10073	0.086235	liquid
120.00	45.000	1.2334	0.81076	0.48432	0.51789	4.7966	6.6613	15.835	543.22	-0.0010009	0.10076	0.086252	liquid
120.00	45.167	1.2335	0.81067	0.48420	0.51789	4.7955	6.6614	15.830	543.41	-0.0010652	0.10079	0.086269	liquid
120.00	45.333	1.2337	0.81058	0.48408	0.51789	4.7945	6.6615	15.826	543.60	-0.0011294	0.10082	0.086286	liquid
120.00	45.500	1.2338	0.81049	0.48396	0.51789	4.7935	6.6616	15.821	543.78	-0.0011935	0.10085	0.086304	liquid
120.00	45.667	1.2340	0.81040	0.48384	0.51790	4.7925	6.6617	15.816	543.97	-0.0012575	0.10088	0.086321	liquid
120.00	45.833	1.2341	0.81031	0.48372	0.51790	4.7914	6.6618	15.812	544.16	-0.0013214	0.10091	0.086338	liquid
120.00	46.000	1.2342	0.81022	0.48360	0.51790	4.7904	6.6619	15.807	544.35	-0.0013851	0.10094	0.086355	liquid
120.00	46.167	1.2344	0.81013	0.48349	0.51790	4.7894	6.6620	15.802	544.54	-0.0014487	0.10097	0.086373	liquid
120.00	46.333	1.2345	0.81005	0.48337	0.51790	4.7884	6.6621	15.798	544.73	-0.0015121	0.10100	0.086390	liquid
120.00	46.500	1.2346	0.80996	0.48325	0.51791	4.7874	6.6622	15.793	544.91	-0.0015755	0.10102	0.086407	liquid
120.00	46.667	1.2348	0.80987	0.48313	0.51791	4.7864	6.6623	15.789	545.10	-0.0016387	0.10105	0.086424	liquid
120.00	46.833	1.2349	0.80978	0.48301	0.51791	4.7853	6.6624	15.784	545.29	-0.0017018	0.10108	0.086441	liquid
120.00	47.000	1.2350	0.80969	0.48289	0.51791	4.7843	6.6625	15.779	545.48	-0.0017648	0.10111	0.086458	liquid
120.00	47.167	1.2352	0.80960	0.48278	0.51792	4.7833	6.6626	15.775	545.66	-0.0018277	0.10114	0.086476	liquid
120.00	47.333	1.2353	0.80952	0.48266	0.51792	4.7823	6.6626	15.770	545.85	-0.0018904	0.10117	0.086493	liquid
120.00	47.500	1.2354	0.80943	0.48254	0.51792	4.7813	6.6627	15.766	546.04	-0.0019530	0.10120	0.086510	liquid
120.00	47.667	1.2356	0.80934	0.48242	0.51792	4.7803	6.6628	15.761	546.22	-0.0020155	0.10123	0.086527	liquid
120.00	47.833	1.2357	0.80925	0.48231	0.51793	4.7793	6.6629	15.757	546.41	-0.0020779	0.10126	0.086544	liquid
120.00	48.000	1.2358	0.80917	0.48219	0.51793	4.7783	6.6630	15.752	546.60	-0.0021401	0.10129	0.086561	liquid
120.00	48.167	1.2360	0.80908	0.48207	0.51793	4.7773	6.6631	15.748	546.78	-0.0022023	0.10132	0.086578	liquid
120.00	48.333	1.2361	0.80899	0.48196	0.51794	4.7763	6.6632	15.743	546.97	-0.0022643	0.10135	0.086595	liquid
120.00	48.500	1.2362	0.80890	0.48184	0.51794	4.7752	6.6633	15.739	547.15	-0.0023262	0.10138	0.086612	liquid
120.00	48.667	1.2364	0.80882	0.48172	0.51794	4.7742	6.6634	15.734	547.34	-0.0023880	0.10141	0.086629	liquid
120.00	48.833	1.2365	0.80873	0.48161	0.51795	4.7732	6.6635	15.730	547.52	-0.0024496	0.10143	0.086646	liquid
120.00	49.000	1.2366	0.80864	0.48149	0.51795	4.7722	6.6636	15.725	547.71	-0.0025112	0.10146	0.086663	liquid
120.00	49.167	1.2368	0.80856	0.48137	0.51795	4.7712	6.6637	15.721	547.89	-0.0025726	0.10149	0.086680	liquid
120.00	49.333	1.2369	0.80847	0.48126	0.51796	4.7702	6.6638	15.716	548.08	-0.0026339	0.10152	0.086697	liquid
120.00	49.500	1.2370	0.80838	0.48114	0.51796	4.7692	6.6639	15.712	548.26	-0.0026951	0.10155	0.086714	liquid
120.00	49.667	1.2372	0.80830	0.48102	0.51797	4.7682	6.6641	15.707	548.45	-0.0027562	0.10158	0.086731	liquid
120.00	49.833	1.2373	0.80821	0.48091	0.51797	4.7672	6.6642	15.703	548.63	-0.0028171	0.10161	0.086748	liquid
120.00	50.000	1.2374	0.80812	0.48079	0.51797	4.7662	6.6643	15.699	548.82	-0.0028780	0.10164	0.086765	liquid
120.00	50.167	1.2376	0.80804	0.48068	0.51798	4.7652	6.6644	15.694	549.00	-0.0029387	0.10167	0.086782	liquid
120.00	50.333	1.2377	0.80795	0.48056	0.51798	4.7642	6.6645	15.690	549.18	-0.0029993	0.10170	0.086799	liquid
120.00	50.500	1.2378	0.80787	0.48045	0.51799	4.7632	6.6646	15.685	549.37	-0.0030598	0.10172	0.086816	liquid
120.00	50.667	1.2380	0.80778	0.48033	0.51799	4.7622	6.6647	15.681	549.55	-0.0031202	0.10175	0.086833	liquid
120.00	50.833	1.2381	0.80769	0.48022	0.51800	4.7613	6.6648	15.677	549.73	-0.0031805	0.10178	0.086850	liquid
120.00	51.000	1.2382	0.80761	0.48010	0.51800	4.7603	6.6649	15.672	549.92	-0.0032406	0.10181	0.086867	liquid
120.00	51.167	1.2384	0.80752	0.47999	0.51801	4.7593	6.6650	15.668	550.10	-0.0033007	0.10184	0.086884	liquid
120.00	51.333	1.2385	0.80744	0.47987	0.51801	4.7583	6.6651	15.664	550.28	-0.0033606	0.10187	0.086901	liquid
120.00	51.500	1.2386	0.80735	0.47976	0.51801	4.7573	6.6652	15.659	550.46	-0.0034205	0.10190	0.086918	liquid
120.00	51.667	1.2387	0.80727	0.47964	0.51802	4.7563	6.6653	15.655	550.65	-0.0034802	0.10193	0.086934	liquid
120.00	51.833	1.2389	0.80718	0.47953	0.51803	4.7553	6.6654	15.651	550.83	-0.0035398	0.10196	0.086951	liquid
120.00	52.000	1.2390	0.80710	0.47941	0.51803	4.7543	6.6655	15.646	551.01	-0.0035993	0.10198	0.086968	liquid
120.00	52.167	1.2391	0.80701	0.47930	0.51804	4.7533	6.6656	15.642	551.19	-0.0036587	0.10201	0.086985	liquid
120.00	52.333	1.2393	0.80693	0.47918	0.51804	4.7523	6.6657	15.638	551.37	-0.0037179	0.10204	0.087002	liquid
120.00	52.500	1.2394	0.80684	0.47907	0.51805	4.7514	6.6658	15.634	551.56	-0.0037771	0.10207	0.087019	liquid
120.00	52.667	1.2395	0.80676	0.47895	0.51805	4.7504	6.6659	15.629	551.74	-0.0038361	0.10210	0.087035	liquid
120.00	52.833	1.2397	0.80667	0.47884	0.51806	4.7494	6.6660	15.625	551.92	-0.0038951	0.10213	0.087052	liquid
120.00	53.000	1.2398	0.80659	0.47873	0.51806	4.7484	6.6661	15.621	552.10	-0.0039539	0.10216	0.087069	liquid
120.00	53.167	1.2399	0.80650	0.47861	0.51807	4.7474	6.6662	15.617	552.28	-0.0040126	0.10219	0.087086	liquid
120.00	53.333	1.2401	0.80642	0.47850	0.51807	4.7464	6.6663	15.613	552.46	-0.0040713	0.10221	0.087102	liquid
120.00	53.500	1.2402	0.80633	0.47839	0.51808	4.7455	6.6664	15.608	552.64	-0.0041298	0.10224	0.087119	liquid
120.00	53.667	1.2403	0.80625	0.47827	0.51809	4.7445	6.6665	15.604	552.82	-0.0041882	0.10227	0.087136	liquid
120.00	53.833	1.2404	0.80617	0.47816	0.51809	4.7435	6.6666	15.600	553.00	-0.0042465	0.10230	0.087153	liquid
120.00	54.000	1.2406	0.80608	0.47804	0.51810	4.7425	6.6667	15.596	553.18	-0.0043047	0.10233	0.087169	liquid
120.00	54.167	1.2407	0.80600	0.47793	0.51811	4.7415	6.6668	15.592	553.36	-0.0043627	0.10236	0.087186	liquid
120.00	54.333	1.2408	0.80591	0.47782	0.51811	4.7406	6.6670	15.587	553.54	-0.0044207	0.10239	0.087203	liquid
120.00	54.500	1.2410	0.80583	0.47771	0.51812	4.7396	6.6671	15.583	553.72	-0.0044786	0.10242	0.087219	liquid
120.00	54.667	1.2411	0.80575	0.47759	0.51812	4.7386	6.6672	15.579	553.90	-0.0045364	0.10244	0.087236	liquid
120.00	54.833	1.2412	0.80566	0.47748	0.51813	4.7376	6.6673	15.575	554.08	-0.0045940	0.10247	0.087253	liquid
120.00	55.000	1.2413	0.80558	0.47737	0.51814	4.7367	6.6674	15.571	554.26	-0.0046516	0.10250	0.087269	liquid
120.00	55.167	1.2415	0.80550	0.47725	0.51814	4.7357	6.6675	15.567	554.44	-0.0047090	0.10253	0.087286	liquid
120.00	55.333	1.2416	0.80541	0.47714	0.51815	4.7347	6.6676	15.563	554.62	-0.0047664	0.10256	0.087303	liquid
120.00	55.500	1.2417	0.80533	0.47703	0.51816	4.7337	6.6677	15.559	554.79	-0.0048236	0.10259	0.087319	liquid
120.00	55.667	1.2419	0.80525	0.47692	0.51817	4.7328	6.6678	15.555	554.97	-0.0048808	0.10262	0.087336	liquid
120.00	55.833	1.2420	0.80517	0.47681	0.51817	4.7318	6.6679	15.550	555.15	-0.0049378	0.10264	0.087353	liquid
120.00	56.000	1.2421	0.80508	0.47669	0.51818	4.7308	6.6680	15.546	555.33	-0.0049947	0.10267	0.087369	liquid
120.00	56.167	1.2422	0.80500	0.47658	0.51819	4.7299	6.6681	15.542	555.51	-0.0050516	0.10270	0.087386	liquid
120.00	56.333	1.2424	0.80492	0.47647	0.51819	4.7289	6.6682	15.538	555.69	-0.0051083	0.10273	0.087402	liquid
120.00	56.500	1.2425	0.80483	0.47636	0.51820	4.7279	6.6683	15.534	555.86	-0.0051649	0.10276	0.087419	liquid
120.00	56.667	1.2426	0.80475	0.47625	0.51821	4.7270	6.6684	15.530	556.04	-0.0052214	0.10279	0.087435	liquid
120.00	56.833	1.2427	0.80467	0.47613	0.51822	4.7260	6.6685	15.526	556.22	-0.0052779	0.10281	0.087452	liquid
120.00	57.000	1.2429	0.80459	0.47602	0.51822	4.7250	6.6686	15.522	556.40	-0.0053342	0.10284	0.087469	liquid
120.00	57.167	1.2430	0.80451	0.47591	0.51823	4.7241	6.6688	15.518	556.57	-0.0053904	0.10287	0.087485	liquid
120.00	57.333	1.2431	0.80442	0.47580	0.51824	4.7231	6.6689	15.514	556.75	-0.0054465	0.10290	0.087502	liquid
120.00	57.500	1.2433	0.80434	0.47569	0.51825	4.7221	6.6690	15.510	556.93	-0.0055026	0.10293	0.087518	liquid
120.00	57.667	1.2434	0.80426	0.47558	0.51826	4.7212	6.6691	15.506	557.10	-0.0055585	0.10296	0.087535	liquid
120.00	57.833	1.2435	0.80418	0.47547	0.51826	4.7202	6.6692	15.502	557.28	-0.0056143	0.10298	0.087551	liquid
120.00	58.000	1.2436	0.80410	0.47536	0.51827	4.7193	6.6693	15.498	557.46	-0.0056700	0.10301	0.087568	liquid
120.00	58.167	1.2438	0.80401	0.47525	0.51828	4.7183	6.6694	15.494	557.63	-0.0057257	0.10304	0.087584	liquid
120.00	58.333	1.2439	0.80393	0.47513	0.51829	4.7173	6.6695	15.490	557.81	-0.0057812	0.10307	0.087601	liquid
120.00	58.500	1.2440	0.80385	0.47502	0.51830	4.7164	6.6696	15.486	557.99	-0.0058366	0.10310	0.087617	liquid
120.00	58.667	1.2441	0.80377	0.47491	0.51830	4.7154	6.6697	15.482	558.16	-0.0058920	0.10313	0.087633	liquid
120.00	58.833	1.2443	0.80369	0.47480	0.51831	4.7145	6.6698	15.478	558.34	-0.0059472	0.10315	0.087650	liquid
120.00	59.000	1.2444	0.80361	0.47469	0.51832	4.7135	6.6699	15.475	558.51	-0.0060023	0.10318	0.087666	liquid
120.00	59.167	1.2445	0.80353	0.47458	0.51833	4.7126	6.6700	15.471	558.69	-0.0060574	0.10321	0.087683	liquid
120.00	59.333	1.2446	0.80345	0.47447	0.51834	4.7116	6.6701	15.467	558.86	-0.0061123	0.10324	0.087699	liquid
120.00	59.500	1.2448	0.80336	0.47436	0.51835	4.7107	6.6702	15.463	559.04	-0.0061672	0.10327	0.087716	liquid
120.00	59.667	1.2449	0.80328	0.47425	0.51836	4.7097	6.6703	15.459	559.21	-0.0062219	0.10329	0.087732	liquid
120.00	59.833	1.2450	0.80320	0.47414	0.51837	4.7087	6.6705	15.455	559.39	-0.0062766	0.10332	0.087748	liquid
120.00	60.000	1.2451	0.80312	0.47403	0.51837	4.7078	6.6706	15.451	559.56	-0.0063311	0.10335	0.087765	liquid
120.00	60.167	1.2453	0.80304	0.47392	0.51838	4.7068	6.6707	15.447	559.74	-0.0063856	0.10338	0.087781	liquid
120.00	60.333	1.2454	0.80296	0.47381	0.51839	4.7059	6.6708	15.443	559.91	-0.0064400	0.10341	0.087797	liquid
120.00	60.500	1.2455	0.80288	0.47370	0.51840	4.7049	6.6709	15.440	560.09	-0.0064942	0.10344	0.087814	liquid
120.00	60.667	1.2456	0.80280	0.47360	0.51841	4.7040	6.6710	15.436	560.26	-0.0065484	0.10346	0.087830	liquid
120.00	60.833	1.2458	0.80272	0.47349	0.51842	4.7031	6.6711	15.432	560.43	-0.0066025	0.10349	0.087846	liquid
120.00	61.000	1.2459	0.80264	0.47338	0.51843	4.7021	6.6712	15.428	560.61	-0.0066565	0.10352	0.087863	liquid
120.00	61.167	1.2460	0.80256	0.47327	0.51844	4.7012	6.6713	15.424	560.78	-0.0067104	0.10355	0.087879	liquid
120.00	61.333	1.2461	0.80248	0.47316	0.51845	4.7002	6.6714	15.421	560.96	-0.0067642	0.10358	0.087895	liquid
120.00	61.500	1.2463	0.80240	0.47305	0.51846	4.6993	6.6715	15.417	561.13	-0.0068179	0.10360	0.087912	liquid
120.00	61.667	1.2464	0.80232	0.47294	0.51847	4.6983	6.6716	15.413	561.30	-0.0068715	0.10363	0.087928	liquid
120.00	61.833	1.2465	0.80224	0.47283	0.51848	4.6974	6.6717	15.409	561.48	-0.0069251	0.10366	0.087944	liquid
120.00	62.000	1.2466	0.80216	0.47272	0.51849	4.6964	6.6718	15.405	561.65	-0.0069785	0.10369	0.087960	liquid
120.00	62.167	1.2468	0.80208	0.47262	0.51850	4.6955	6.6719	15.402	561.82	-0.0070318	0.10372	0.087977	liquid
120.00	62.333	1.2469	0.80200	0.47251	0.51851	4.6946	6.6720	15.398	562.00	-0.0070851	0.10374	0.087993	liquid
120.00	62.500	1.2470	0.80192	0.47240	0.51852	4.6936	6.6721	15.394	562.17	-0.0071382	0.10377	0.088009	liquid
120.00	62.667	1.2471	0.80184	0.47229	0.51853	4.6927	6.6723	15.390	562.34	-0.0071913	0.10380	0.088025	liquid
120.00	62.833	1.2472	0.80177	0.47218	0.51854	4.6917	6.6724	15.387	562.51	-0.0072443	0.10383	0.088042	liquid
120.00	63.000	1.2474	0.80169	0.47207	0.51855	4.6908	6.6725	15.383	562.69	-0.0072972	0.10386	0.088058	liquid
120.00	63.167	1.2475	0.80161	0.47197	0.51856	4.6899	6.6726	15.379	562.86	-0.0073500	0.10388	0.088074	liquid
120.00	63.333	1.2476	0.80153	0.47186	0.51857	4.6889	6.6727	15.375	563.03	-0.0074027	0.10391	0.088090	liquid
120.00	63.500	1.2477	0.80145	0.47175	0.51858	4.6880	6.6728	15.372	563.20	-0.0074553	0.10394	0.088106	liquid
120.00	63.667	1.2479	0.80137	0.47164	0.51859	4.6871	6.6729	15.368	563.37	-0.0075078	0.10397	0.088123	liquid
120.00	63.833	1.2480	0.80129	0.47154	0.51860	4.6861	6.6730	15.364	563.55	-0.0075603	0.10399	0.088139	liquid
120.00	64.000	1.2481	0.80121	0.47143	0.51861	4.6852	6.6731	15.361	563.72	-0.0076126	0.10402	0.088155	liquid
120.00	64.167	1.2482	0.80114	0.47132	0.51862	4.6842	6.6732	15.357	563.89	-0.0076649	0.10405	0.088171	liquid
120.00	64.333	1.2484	0.80106	0.47121	0.51864	4.6833	6.6733	15.353	564.06	-0.0077170	0.10408	0.088187	liquid
120.00	64.500	1.2485	0.80098	0.47111	0.51865	4.6824	6.6734	15.350	564.23	-0.0077691	0.10411	0.088203	liquid
120.00	64.667	1.2486	0.80090	0.47100	0.51866	4.6815	6.6735	15.346	564.40	-0.0078211	0.10413	0.088219	liquid
120.00	64.833	1.2487	0.80082	0.47089	0.51867	4.6805	6.6736	15.342	564.57	-0.0078730	0.10416	0.088236	liquid
120.00	65.000	1.2488	0.80074	0.47079	0.51868	4.6796	6.6737	15.339	564.75	-0.0079248	0.10419	0.088252	liquid
120.00	65.167	1.2490	0.80067	0.47068	0.51869	4.6787	6.6738	15.335	564.92	-0.0079766	0.10422	0.088268	liquid
120.00	65.333	1.2491	0.80059	0.47057	0.51870	4.6777	6.6739	15.331	565.09	-0.0080282	0.10424	0.088284	liquid
120.00	65.500	1.2492	0.80051	0.47047	0.51871	4.6768	6.6740	15.328	565.26	-0.0080798	0.10427	0.088300	liquid
120.00	65.667	1.2493	0.80043	0.47036	0.51873	4.6759	6.6741	15.324	565.43	-0.0081313	0.10430	0.088316	liquid
120.00	65.833	1.2494	0.80035	0.47025	0.51874	4.6750	6.6742	15.321	565.60	-0.0081826	0.10433	0.088332	liquid
120.00	66.000	1.2496	0.80028	0.47015	0.51875	4.6740	6.6743	15.317	565.77	-0.0082339	0.10436	0.088348	liquid
120.00	66.167	1.2497	0.80020	0.47004	0.51876	4.6731	6.6745	15.313	565.94	-0.0082852	0.10438	0.088364	liquid
120.00	66.333	1.2498	0.80012	0.46993	0.51877	4.6722	6.6746	15.310	566.11	-0.0083363	0.10441	0.088380	liquid
120.00	66.500	1.2499	0.80004	0.46983	0.51878	4.6713	6.6747	15.306	566.28	-0.0083873	0.10444	0.088396	liquid
120.00	66.667	1.2501	0.79997	0.46972	0.51880	4.6703	6.6748	15.303	566.45	-0.0084383	0.10447	0.088412	liquid
120.00	66.833	1.2502	0.79989	0.46962	0.51881	4.6694	6.6749	15.299	566.62	-0.0084892	0.10449	0.088428	liquid
120.00	67.000	1.2503	0.79981	0.46951	0.51882	4.6685	6.6750	15.295	566.79	-0.0085399	0.10452	0.088444	liquid
120.00	67.167	1.2504	0.79974	0.46940	0.51883	4.6676	6.6751	15.292	566.96	-0.0085906	0.10455	0.088460	liquid
120.00	67.333	1.2505	0.79966	0.46930	0.51884	4.6666	6.6752	15.288	567.13	-0.0086413	0.10458	0.088476	liquid
120.00	67.500	1.2507	0.79958	0.46919	0.51886	4.6657	6.6753	15.285	567.29	-0.0086918	0.10460	0.088492	liquid
120.00	67.667	1.2508	0.79951	0.46909	0.51887	4.6648	6.6754	15.281	567.46	-0.0087422	0.10463	0.088508	liquid
120.00	67.833	1.2509	0.79943	0.46898	0.51888	4.6639	6.6755	15.278	567.63	-0.0087926	0.10466	0.088524	liquid
120.00	68.000	1.2510	0.79935	0.46888	0.51889	4.6630	6.6756	15.274	567.80	-0.0088429	0.10469	0.088540	liquid
120.00	68.167	1.2511	0.79928	0.46877	0.51891	4.6621	6.6757	15.271	567.97	-0.0088931	0.10471	0.088556	liquid
120.00	68.333	1.2513	0.79920	0.46867	0.51892	4.6611	6.6758	15.267	568.14	-0.0089432	0.10474	0.088572	liquid
120.00	68.500	1.2514	0.79912	0.46856	0.51893	4.6602	6.6759	15.264	568.31	-0.0089933	0.10477	0.088588	liquid
120.00	68.667	1.2515	0.79905	0.46846	0.51894	4.6593	6.6760	15.260	568.48	-0.0090432	0.10480	0.088604	liquid
120.00	68.833	1.2516	0.79897	0.46835	0.51896	4.6584	6.6761	15.257	568.64	-0.0090931	0.10482	0.088620	liquid
120.00	69.000	1.2517	0.79889	0.46825	0.51897	4.6575	6.6762	15.253	568.81	-0.0091429	0.10485	0.088636	liquid
120.00	69.167	1.2518	0.79882	0.46814	0.51898	4.6566	6.6763	15.250	568.98	-0.0091926	0.10488	0.088652	liquid
120.00	69.333	1.2520	0.79874	0.46804	0.51900	4.6557	6.6764	15.246	569.15	-0.0092422	0.10491	0.088668	liquid
120.00	69.500	1.2521	0.79867	0.46793	0.51901	4.6547	6.6765	15.243	569.32	-0.0092918	0.10493	0.088683	liquid
120.00	69.667	1.2522	0.79859	0.46783	0.51902	4.6538	6.6766	15.239	569.48	-0.0093412	0.10496	0.088699	liquid
120.00	69.833	1.2523	0.79851	0.46772	0.51904	4.6529	6.6767	15.236	569.65	-0.0093906	0.10499	0.088715	liquid
120.00	70.000	1.2524	0.79844	0.46762	0.51905	4.6520	6.6768	15.233	569.82	-0.0094399	0.10502	0.088731	liquid
120.00	70.167	1.2526	0.79836	0.46751	0.51906	4.6511	6.6769	15.229	569.99	-0.0094891	0.10504	0.088747	liquid
120.00	70.333	1.2527	0.79829	0.46741	0.51908	4.6502	6.6770	15.226	570.15	-0.0095383	0.10507	0.088763	liquid
120.00	70.500	1.2528	0.79821	0.46731	0.51909	4.6493	6.6771	15.222	570.32	-0.0095873	0.10510	0.088778	liquid
120.00	70.667	1.2529	0.79814	0.46720	0.51910	4.6484	6.6772	15.219	570.49	-0.0096363	0.10513	0.088794	liquid
120.00	70.833	1.2530	0.79806	0.46710	0.51912	4.6475	6.6773	15.215	570.65	-0.0096852	0.10515	0.088810	liquid
120.00	71.000	1.2532	0.79799	0.46699	0.51913	4.6466	6.6774	15.212	570.82	-0.0097341	0.10518	0.088826	liquid
120.00	71.167	1.2533	0.79791	0.46689	0.51914	4.6457	6.6775	15.209	570.99	-0.0097828	0.10521	0.088842	liquid
120.00	71.333	1.2534	0.79784	0.46679	0.51916	4.6448	6.6776	15.205	571.15	-0.0098315	0.10523	0.088858	liquid
120.00	71.500	1.2535	0.79776	0.46668	0.51917	4.6438	6.6777	15.202	571.32	-0.0098801	0.10526	0.088873	liquid
120.00	71.667	1.2536	0.79769	0.46658	0.51918	4.6429	6.6778	15.199	571.49	-0.0099286	0.10529	0.088889	liquid
120.00	71.833	1.2537	0.79761	0.46648	0.51920	4.6420	6.6779	15.195	571.65	-0.0099770	0.10532	0.088905	liquid
120.00	72.000	1.2539	0.79754	0.46637	0.51921	4.6411	6.6780	15.192	571.82	-0.010025	0.10534	0.088921	liquid
120.00	72.167	1.2540	0.79746	0.46627	0.51923	4.6402	6.6781	15.188	571.99	-0.010074	0.10537	0.088936	liquid
120.00	72.333	1.2541	0.79739	0.46617	0.51924	4.6393	6.6782	15.185	572.15	-0.010122	0.10540	0.088952	liquid
120.00	72.500	1.2542	0.79731	0.46606	0.51926	4.6384	6.6783	15.182	572.32	-0.010170	0.10543	0.088968	liquid
120.00	72.667	1.2543	0.79724	0.46596	0.51927	4.6375	6.6784	15.178	572.48	-0.010218	0.10545	0.088984	liquid
120.00	72.833	1.2544	0.79716	0.46586	0.51928	4.6366	6.6785	15.175	572.65	-0.010266	0.10548	0.088999	liquid
120.00	73.000	1.2546	0.79709	0.46576	0.51930	4.6357	6.6786	15.172	572.82	-0.010314	0.10551	0.089015	liquid
120.00	73.167	1.2547	0.79702	0.46565	0.51931	4.6348	6.6787	15.168	572.98	-0.010362	0.10553	0.089031	liquid
120.00	73.333	1.2548	0.79694	0.46555	0.51933	4.6339	6.6788	15.165	573.15	-0.010409	0.10556	0.089046	liquid
120.00	73.500	1.2549	0.79687	0.46545	0.51934	4.6331	6.6789	15.162	573.31	-0.010457	0.10559	0.089062	liquid
120.00	73.667	1.2550	0.79679	0.46535	0.51936	4.6322	6.6790	15.159	573.48	-0.010505	0.10562	0.089078	liquid
120.00	73.833	1.2551	0.79672	0.46524	0.51937	4.6313	6.6791	15.155	573.64	-0.010552	0.10564	0.089093	liquid
120.00	74.000	1.2553	0.79665	0.46514	0.51939	4.6304	6.6792	15.152	573.81	-0.010600	0.10567	0.089109	liquid
120.00	74.167	1.2554	0.79657	0.46504	0.51940	4.6295	6.6793	15.149	573.97	-0.010647	0.10570	0.089125	liquid
120.00	74.333	1.2555	0.79650	0.46494	0.51942	4.6286	6.6794	15.145	574.14	-0.010694	0.10572	0.089140	liquid
120.00	74.500	1.2556	0.79642	0.46483	0.51943	4.6277	6.6795	15.142	574.30	-0.010741	0.10575	0.089156	liquid
120.00	74.667	1.2557	0.79635	0.46473	0.51945	4.6268	6.6795	15.139	574.47	-0.010789	0.10578	0.089172	liquid
120.00	74.833	1.2558	0.79628	0.46463	0.51946	4.6259	6.6796	15.136	574.63	-0.010836	0.10581	0.089187	liquid
120.00	75.000	1.2560	0.79620	0.46453	0.51948	4.6250	6.6797	15.132	574.79	-0.010883	0.10583	0.089203	liquid
120.00	75.167	1.2561	0.79613	0.46443	0.51949	4.6241	6.6798	15.129	574.96	-0.010930	0.10586	0.089219	liquid
120.00	75.333	1.2562	0.79606	0.46433	0.51951	4.6232	6.6799	15.126	575.12	-0.010976	0.10589	0.089234	liquid
120.00	75.500	1.2563	0.79598	0.46422	0.51952	4.6223	6.6800	15.123	575.29	-0.011023	0.10591	0.089250	liquid
120.00	75.667	1.2564	0.79591	0.46412	0.51954	4.6215	6.6801	15.119	575.45	-0.011070	0.10594	0.089265	liquid
120.00	75.833	1.2565	0.79584	0.46402	0.51955	4.6206	6.6802	15.116	575.62	-0.011116	0.10597	0.089281	liquid
120.00	76.000	1.2567	0.79576	0.46392	0.51957	4.6197	6.6803	15.113	575.78	-0.011163	0.10599	0.089296	liquid
120.00	76.167	1.2568	0.79569	0.46382	0.51959	4.6188	6.6804	15.110	575.94	-0.011209	0.10602	0.089312	liquid
120.00	76.333	1.2569	0.79562	0.46372	0.51960	4.6179	6.6805	15.107	576.11	-0.011256	0.10605	0.089328	liquid
120.00	76.500	1.2570	0.79555	0.46362	0.51962	4.6170	6.6806	15.103	576.27	-0.011302	0.10608	0.089343	liquid
120.00	76.667	1.2571	0.79547	0.46351	0.51963	4.6161	6.6807	15.100	576.43	-0.011348	0.10610	0.089359	liquid
120.00	76.833	1.2572	0.79540	0.46341	0.51965	4.6153	6.6808	15.097	576.60	-0.011395	0.10613	0.089374	liquid
120.00	77.000	1.2573	0.79533	0.46331	0.51966	4.6144	6.6809	15.094	576.76	-0.011441	0.10616	0.089390	liquid
120.00	77.167	1.2575	0.79526	0.46321	0.51968	4.6135	6.6810	15.091	576.92	-0.011487	0.10618	0.089405	liquid
120.00	77.333	1.2576	0.79518	0.46311	0.51970	4.6126	6.6810	15.087	577.09	-0.011533	0.10621	0.089421	liquid
120.00	77.500	1.2577	0.79511	0.46301	0.51971	4.6117	6.6811	15.084	577.25	-0.011579	0.10624	0.089436	liquid
120.00	77.667	1.2578	0.79504	0.46291	0.51973	4.6108	6.6812	15.081	577.41	-0.011624	0.10626	0.089452	liquid
120.00	77.833	1.2579	0.79497	0.46281	0.51975	4.6100	6.6813	15.078	577.58	-0.011670	0.10629	0.089467	liquid
120.00	78.000	1.2580	0.79489	0.46271	0.51976	4.6091	6.6814	15.075	577.74	-0.011716	0.10632	0.089483	liquid
120.00	78.167	1.2581	0.79482	0.46261	0.51978	4.6082	6.6815	15.072	577.90	-0.011762	0.10634	0.089498	liquid
120.00	78.333	1.2583	0.79475	0.46251	0.51979	4.6073	6.6816	15.069	578.06	-0.011807	0.10637	0.089514	liquid
120.00	78.500	1.2584	0.79468	0.46241	0.51981	4.6064	6.6817	15.065	578.23	-0.011853	0.10640	0.089529	liquid
120.00	78.667	1.2585	0.79461	0.46231	0.51983	4.6056	6.6818	15.062	578.39	-0.011898	0.10642	0.089545	liquid
120.00	78.833	1.2586	0.79453	0.46221	0.51984	4.6047	6.6819	15.059	578.55	-0.011943	0.10645	0.089560	liquid
120.00	79.000	1.2587	0.79446	0.46211	0.51986	4.6038	6.6820	15.056	578.71	-0.011989	0.10648	0.089575	liquid
120.00	79.167	1.2588	0.79439	0.46201	0.51988	4.6029	6.6820	15.053	578.88	-0.012034	0.10651	0.089591	liquid
120.00	79.333	1.2589	0.79432	0.46191	0.51989	4.6021	6.6821	15.050	579.04	-0.012079	0.10653	0.089606	liquid
120.00	79.500	1.2591	0.79425	0.46181	0.51991	4.6012	6.6822	15.047	579.20	-0.012124	0.10656	0.089622	liquid
120.00	79.667	1.2592	0.79418	0.46171	0.51993	4.6003	6.6823	15.044	579.36	-0.012169	0.10659	0.089637	liquid
120.00	79.833	1.2593	0.79410	0.46161	0.51995	4.5994	6.6824	15.041	579.52	-0.012214	0.10661	0.089653	liquid
120.00	80.000	1.2594	0.79403	0.46151	0.51996	4.5986	6.6825	15.038	579.68	-0.012259	0.10664	0.089668	liquid
120.00	80.167	1.2595	0.79396	0.46141	0.51998	4.5977	6.6826	15.034	579.85	-0.012303	0.10667	0.089683	liquid
120.00	80.333	1.2596	0.79389	0.46131	0.52000	4.5968	6.6827	15.031	580.01	-0.012348	0.10669	0.089699	liquid
120.00	80.500	1.2597	0.79382	0.46121	0.52001	4.5960	6.6828	15.028	580.17	-0.012393	0.10672	0.089714	liquid
120.00	80.667	1.2598	0.79375	0.46111	0.52003	4.5951	6.6828	15.025	580.33	-0.012437	0.10675	0.089729	liquid
120.00	80.833	1.2600	0.79368	0.46101	0.52005	4.5942	6.6829	15.022	580.49	-0.012482	0.10677	0.089745	liquid
120.00	81.000	1.2601	0.79361	0.46091	0.52007	4.5933	6.6830	15.019	580.65	-0.012526	0.10680	0.089760	liquid
120.00	81.167	1.2602	0.79354	0.46082	0.52008	4.5925	6.6831	15.016	580.81	-0.012571	0.10683	0.089776	liquid
120.00	81.333	1.2603	0.79347	0.46072	0.52010	4.5916	6.6832	15.013	580.98	-0.012615	0.10685	0.089791	liquid
120.00	81.500	1.2604	0.79339	0.46062	0.52012	4.5907	6.6833	15.010	581.14	-0.012659	0.10688	0.089806	liquid
120.00	81.667	1.2605	0.79332	0.46052	0.52014	4.5899	6.6834	15.007	581.30	-0.012703	0.10691	0.089822	liquid
120.00	81.833	1.2606	0.79325	0.46042	0.52015	4.5890	6.6834	15.004	581.46	-0.012747	0.10693	0.089837	liquid
120.00	82.000	1.2607	0.79318	0.46032	0.52017	4.5881	6.6835	15.001	581.62	-0.012791	0.10696	0.089852	liquid
120.00	82.167	1.2609	0.79311	0.46022	0.52019	4.5873	6.6836	14.998	581.78	-0.012835	0.10699	0.089867	liquid
120.00	82.333	1.2610	0.79304	0.46012	0.52021	4.5864	6.6837	14.995	581.94	-0.012879	0.10701	0.089883	liquid
120.00	82.500	1.2611	0.79297	0.46003	0.52022	4.5855	6.6838	14.992	582.10	-0.012923	0.10704	0.089898	liquid
120.00	82.667	1.2612	0.79290	0.45993	0.52024	4.5847	6.6839	14.989	582.26	-0.012967	0.10707	0.089913	liquid
120.00	82.833	1.2613	0.79283	0.45983	0.52026	4.5838	6.6839	14.986	582.42	-0.013011	0.10709	0.089929	liquid
120.00	83.000	1.2614	0.79276	0.45973	0.52028	4.5830	6.6840	14.983	582.58	-0.013054	0.10712	0.089944	liquid
120.00	83.167	1.2615	0.79269	0.45963	0.52030	4.5821	6.6841	14.980	582.74	-0.013098	0.10714	0.089959	liquid
120.00	83.333	1.2616	0.79262	0.45954	0.52032	4.5812	6.6842	14.977	582.90	-0.013141	0.10717	0.089974	liquid
120.00	83.500	1.2617	0.79255	0.45944	0.52033	4.5804	6.6843	14.974	583.06	-0.013185	0.10720	0.089990	liquid
120.00	83.667	1.2619	0.79248	0.45934	0.52035	4.5795	6.6844	14.971	583.22	-0.013228	0.10722	0.090005	liquid
120.00	83.833	1.2620	0.79241	0.45924	0.52037	4.5787	6.6844	14.968	583.38	-0.013271	0.10725	0.090020	liquid
120.00	84.000	1.2621	0.79234	0.45914	0.52039	4.5778	6.6845	14.965	583.54	-0.013315	0.10728	0.090035	liquid
120.00	84.167	1.2622	0.79227	0.45905	0.52041	4.5769	6.6846	14.962	583.70	-0.013358	0.10730	0.090050	liquid
120.00	84.333	1.2623	0.79220	0.45895	0.52043	4.5761	6.6847	14.959	583.86	-0.013401	0.10733	0.090066	liquid
120.00	84.500	1.2624	0.79213	0.45885	0.52044	4.5752	6.6848	14.956	584.02	-0.013444	0.10736	0.090081	liquid
120.00	84.667	1.2625	0.79206	0.45875	0.52046	4.5744	6.6849	14.954	584.18	-0.013487	0.10738	0.090096	liquid
120.00	84.833	1.2626	0.79199	0.45866	0.52048	4.5735	6.6849	14.951	584.34	-0.013530	0.10741	0.090111	liquid
120.00	85.000	1.2627	0.79192	0.45856	0.52050	4.5726	6.6850	14.948	584.50	-0.013573	0.10744	0.090126	liquid
120.00	85.167	1.2629	0.79186	0.45846	0.52052	4.5718	6.6851	14.945	584.66	-0.013616	0.10746	0.090142	liquid
120.00	85.333	1.2630	0.79179	0.45837	0.52054	4.5709	6.6852	14.942	584.82	-0.013658	0.10749	0.090157	liquid
120.00	85.500	1.2631	0.79172	0.45827	0.52056	4.5701	6.6853	14.939	584.98	-0.013701	0.10752	0.090172	liquid
120.00	85.667	1.2632	0.79165	0.45817	0.52058	4.5692	6.6853	14.936	585.13	-0.013744	0.10754	0.090187	liquid
120.00	85.833	1.2633	0.79158	0.45807	0.52059	4.5684	6.6854	14.933	585.29	-0.013786	0.10757	0.090202	liquid
120.00	86.000	1.2634	0.79151	0.45798	0.52061	4.5675	6.6855	14.930	585.45	-0.013829	0.10759	0.090217	liquid
120.00	86.167	1.2635	0.79144	0.45788	0.52063	4.5667	6.6856	14.927	585.61	-0.013871	0.10762	0.090233	liquid
120.00	86.333	1.2636	0.79137	0.45778	0.52065	4.5658	6.6856	14.924	585.77	-0.013913	0.10765	0.090248	liquid
120.00	86.500	1.2637	0.79130	0.45769	0.52067	4.5650	6.6857	14.922	585.93	-0.013956	0.10767	0.090263	liquid
120.00	86.667	1.2638	0.79123	0.45759	0.52069	4.5641	6.6858	14.919	586.09	-0.013998	0.10770	0.090278	liquid
120.00	86.833	1.2640	0.79117	0.45749	0.52071	4.5633	6.6859	14.916	586.25	-0.014040	0.10773	0.090293	liquid
120.00	87.000	1.2641	0.79110	0.45740	0.52073	4.5624	6.6859	14.913	586.40	-0.014082	0.10775	0.090308	liquid
120.00	87.167	1.2642	0.79103	0.45730	0.52075	4.5616	6.6860	14.910	586.56	-0.014124	0.10778	0.090323	liquid
120.00	87.333	1.2643	0.79096	0.45721	0.52077	4.5607	6.6861	14.907	586.72	-0.014166	0.10781	0.090338	liquid
120.00	87.500	1.2644	0.79089	0.45711	0.52079	4.5599	6.6862	14.904	586.88	-0.014208	0.10783	0.090353	liquid
120.00	87.667	1.2645	0.79082	0.45701	0.52081	4.5590	6.6863	14.902	587.04	-0.014250	0.10786	0.090368	liquid
120.00	87.833	1.2646	0.79076	0.45692	0.52083	4.5582	6.6863	14.899	587.19	-0.014292	0.10788	0.090383	liquid
120.00	88.000	1.2647	0.79069	0.45682	0.52085	4.5573	6.6864	14.896	587.35	-0.014334	0.10791	0.090399	liquid
120.00	88.167	1.2648	0.79062	0.45672	0.52087	4.5565	6.6865	14.893	587.51	-0.014375	0.10794	0.090414	liquid
120.00	88.333	1.2649	0.79055	0.45663	0.52089	4.5556	6.6866	14.890	587.67	-0.014417	0.10796	0.090429	liquid
120.00	88.500	1.2650	0.79048	0.45653	0.52091	4.5548	6.6866	14.887	587.83	-0.014458	0.10799	0.090444	liquid
120.00	88.667	1.2652	0.79041	0.45644	0.52093	4.5540	6.6867	14.885	587.98	-0.014500	0.10802	0.090459	liquid
120.00	88.833	1.2653	0.79035	0.45634	0.52095	4.5531	6.6868	14.882	588.14	-0.014541	0.10804	0.090474	liquid
120.00	89.000	1.2654	0.79028	0.45625	0.52097	4.5523	6.6868	14.879	588.30	-0.014583	0.10807	0.090489	liquid
120.00	89.167	1.2655	0.79021	0.45615	0.52099	4.5514	6.6869	14.876	588.46	-0.014624	0.10809	0.090504	liquid
120.00	89.333	1.2656	0.79014	0.45606	0.52101	4.5506	6.6870	14.873	588.61	-0.014665	0.10812	0.090519	liquid
120.00	89.500	1.2657	0.79008	0.45596	0.52103	4.5497	6.6871	14.871	588.77	-0.014706	0.10815	0.090534	liquid
120.00	89.667	1.2658	0.79001	0.45586	0.52105	4.5489	6.6871	14.868	588.93	-0.014748	0.10817	0.090549	liquid
120.00	89.833	1.2659	0.78994	0.45577	0.52107	4.5481	6.6872	14.865	589.09	-0.014789	0.10820	0.090564	liquid
120.00	90.000	1.2660	0.78987	0.45567	0.52109	4.5472	6.6873	14.862	589.24	-0.014830	0.10822	0.090579	liquid
120.00	90.167	1.2661	0.78981	0.45558	0.52111	4.5464	6.6873	14.859	589.40	-0.014871	0.10825	0.090594	liquid
120.00	90.333	1.2662	0.78974	0.45548	0.52113	4.5455	6.6874	14.857	589.56	-0.014912	0.10828	0.090609	liquid
120.00	90.500	1.2663	0.78967	0.45539	0.52115	4.5447	6.6875	14.854	589.71	-0.014952	0.10830	0.090624	liquid
120.00	90.667	1.2665	0.78960	0.45529	0.52117	4.5439	6.6876	14.851	589.87	-0.014993	0.10833	0.090639	liquid
120.00	90.833	1.2666	0.78954	0.45520	0.52119	4.5430	6.6876	14.848	590.03	-0.015034	0.10836	0.090654	liquid
120.00	91.000	1.2667	0.78947	0.45510	0.52121	4.5422	6.6877	14.846	590.18	-0.015075	0.10838	0.090668	liquid
120.00	91.167	1.2668	0.78940	0.45501	0.52123	4.5414	6.6878	14.843	590.34	-0.015115	0.10841	0.090683	liquid
120.00	91.333	1.2669	0.78934	0.45492	0.52125	4.5405	6.6878	14.840	590.50	-0.015156	0.10843	0.090698	liquid
120.00	91.500	1.2670	0.78927	0.45482	0.52127	4.5397	6.6879	14.837	590.65	-0.015196	0.10846	0.090713	liquid
120.00	91.667	1.2671	0.78920	0.45473	0.52130	4.5389	6.6880	14.835	590.81	-0.015237	0.10849	0.090728	liquid
120.00	91.833	1.2672	0.78914	0.45463	0.52132	4.5380	6.6880	14.832	590.97	-0.015277	0.10851	0.090743	liquid
120.00	92.000	1.2673	0.78907	0.45454	0.52134	4.5372	6.6881	14.829	591.12	-0.015317	0.10854	0.090758	liquid
120.00	92.167	1.2674	0.78900	0.45444	0.52136	4.5364	6.6882	14.827	591.28	-0.015358	0.10856	0.090773	liquid
120.00	92.333	1.2675	0.78894	0.45435	0.52138	4.5355	6.6882	14.824	591.44	-0.015398	0.10859	0.090788	liquid
120.00	92.500	1.2676	0.78887	0.45425	0.52140	4.5347	6.6883	14.821	591.59	-0.015438	0.10862	0.090803	liquid
120.00	92.667	1.2677	0.78880	0.45416	0.52142	4.5339	6.6884	14.818	591.75	-0.015478	0.10864	0.090817	liquid
120.00	92.833	1.2679	0.78874	0.45407	0.52144	4.5330	6.6884	14.816	591.90	-0.015518	0.10867	0.090832	liquid
120.00	93.000	1.2680	0.78867	0.45397	0.52146	4.5322	6.6885	14.813	592.06	-0.015558	0.10869	0.090847	liquid
120.00	93.167	1.2681	0.78860	0.45388	0.52149	4.5314	6.6886	14.810	592.22	-0.015598	0.10872	0.090862	liquid
120.00	93.333	1.2682	0.78854	0.45378	0.52151	4.5305	6.6886	14.808	592.37	-0.015638	0.10875	0.090877	liquid
120.00	93.500	1.2683	0.78847	0.45369	0.52153	4.5297	6.6887	14.805	592.53	-0.015678	0.10877	0.090892	liquid
120.00	93.667	1.2684	0.78840	0.45360	0.52155	4.5289	6.6888	14.802	592.68	-0.015717	0.10880	0.090907	liquid
120.00	93.833	1.2685	0.78834	0.45350	0.52157	4.5281	6.6888	14.800	592.84	-0.015757	0.10882	0.090921	liquid
120.00	94.000	1.2686	0.78827	0.45341	0.52159	4.5272	6.6889	14.797	592.99	-0.015797	0.10885	0.090936	liquid
120.00	94.167	1.2687	0.78821	0.45332	0.52161	4.5264	6.6889	14.794	593.15	-0.015836	0.10888	0.090951	liquid
120.00	94.333	1.2688	0.78814	0.45322	0.52164	4.5256	6.6890	14.792	593.31	-0.015876	0.10890	0.090966	liquid
120.00	94.500	1.2689	0.78807	0.45313	0.52166	4.5248	6.6891	14.789	593.46	-0.015915	0.10893	0.090981	liquid
120.00	94.667	1.2690	0.78801	0.45304	0.52168	4.5239	6.6891	14.786	593.62	-0.015955	0.10895	0.090996	liquid
120.00	94.833	1.2691	0.78794	0.45294	0.52170	4.5231	6.6892	14.784	593.77	-0.015994	0.10898	0.091010	liquid
120.00	95.000	1.2692	0.78788	0.45285	0.52172	4.5223	6.6893	14.781	593.93	-0.016033	0.10901	0.091025	liquid
120.00	95.167	1.2693	0.78781	0.45276	0.52175	4.5215	6.6893	14.778	594.08	-0.016072	0.10903	0.091040	liquid
120.00	95.333	1.2694	0.78775	0.45266	0.52177	4.5206	6.6894	14.776	594.24	-0.016112	0.10906	0.091055	liquid
120.00	95.500	1.2696	0.78768	0.45257	0.52179	4.5198	6.6894	14.773	594.39	-0.016151	0.10908	0.091069	liquid
120.00	95.667	1.2697	0.78761	0.45248	0.52181	4.5190	6.6895	14.770	594.55	-0.016190	0.10911	0.091084	liquid
120.00	95.833	1.2698	0.78755	0.45239	0.52183	4.5182	6.6896	14.768	594.70	-0.016229	0.10913	0.091099	liquid
120.00	96.000	1.2699	0.78748	0.45229	0.52186	4.5173	6.6896	14.765	594.86	-0.016268	0.10916	0.091114	liquid
120.00	96.167	1.2700	0.78742	0.45220	0.52188	4.5165	6.6897	14.763	595.01	-0.016307	0.10919	0.091128	liquid
120.00	96.333	1.2701	0.78735	0.45211	0.52190	4.5157	6.6897	14.760	595.17	-0.016346	0.10921	0.091143	liquid
120.00	96.500	1.2702	0.78729	0.45201	0.52192	4.5149	6.6898	14.757	595.32	-0.016384	0.10924	0.091158	liquid
120.00	96.667	1.2703	0.78722	0.45192	0.52195	4.5141	6.6899	14.755	595.48	-0.016423	0.10926	0.091173	liquid
120.00	96.833	1.2704	0.78716	0.45183	0.52197	4.5132	6.6899	14.752	595.63	-0.016462	0.10929	0.091187	liquid
120.00	97.000	1.2705	0.78709	0.45174	0.52199	4.5124	6.6900	14.750	595.78	-0.016500	0.10932	0.091202	liquid
120.00	97.167	1.2706	0.78703	0.45164	0.52201	4.5116	6.6900	14.747	595.94	-0.016539	0.10934	0.091217	liquid
120.00	97.333	1.2707	0.78696	0.45155	0.52204	4.5108	6.6901	14.744	596.09	-0.016578	0.10937	0.091231	liquid
120.00	97.500	1.2708	0.78690	0.45146	0.52206	4.5100	6.6901	14.742	596.25	-0.016616	0.10939	0.091246	liquid
120.00	97.667	1.2709	0.78683	0.45137	0.52208	4.5092	6.6902	14.739	596.40	-0.016655	0.10942	0.091261	liquid
120.00	97.833	1.2710	0.78677	0.45128	0.52210	4.5083	6.6902	14.737	596.56	-0.016693	0.10944	0.091276	liquid
120.00	98.000	1.2711	0.78670	0.45118	0.52213	4.5075	6.6903	14.734	596.71	-0.016731	0.10947	0.091290	liquid
120.00	98.167	1.2712	0.78664	0.45109	0.52215	4.5067	6.6904	14.732	596.86	-0.016769	0.10950	0.091305	liquid
120.00	98.333	1.2713	0.78658	0.45100	0.52217	4.5059	6.6904	14.729	597.02	-0.016808	0.10952	0.091320	liquid
120.00	98.500	1.2714	0.78651	0.45091	0.52220	4.5051	6.6905	14.726	597.17	-0.016846	0.10955	0.091334	liquid
120.00	98.667	1.2715	0.78645	0.45082	0.52222	4.5043	6.6905	14.724	597.33	-0.016884	0.10957	0.091349	liquid
120.00	98.833	1.2716	0.78638	0.45072	0.52224	4.5035	6.6906	14.721	597.48	-0.016922	0.10960	0.091363	liquid
120.00	99.000	1.2718	0.78632	0.45063	0.52226	4.5026	6.6906	14.719	597.63	-0.016960	0.10962	0.091378	liquid
120.00	99.167	1.2719	0.78625	0.45054	0.52229	4.5018	6.6907	14.716	597.79	-0.016998	0.10965	0.091393	liquid
120.00	99.333	1.2720	0.78619	0.45045	0.52231	4.5010	6.6907	14.714	597.94	-0.017036	0.10968	0.091407	liquid
120.00	99.500	1.2721	0.78612	0.45036	0.52233	4.5002	6.6908	14.711	598.09	-0.017074	0.10970	0.091422	liquid
120.00	99.667	1.2722	0.78606	0.45027	0.52236	4.4994	6.6908	14.709	598.25	-0.017112	0.10973	0.091437	liquid
120.00	99.833	1.2723	0.78600	0.45018	0.52238	4.4986	6.6909	14.706	598.40	-0.017149	0.10975	0.091451	liquid
120.00	100.00	1.2724	0.78593	0.45008	0.52240	4.4978	6.6909	14.704	598.56	-0.017187	0.10978	0.091466	liquid
