Temperature (K)	Pressure (atm)	Density (g/ml)	Volume (ml/g)	Internal Energy (kcal/mol)	Enthalpy (kcal/mol)	Entropy (cal/mol*K)	Cv (cal/mol*K)	Cp (cal/mol*K)	Sound Spd. (m/s)	Joule-Thomson (F/atm)	Viscosity (cP)	Therm. Cond. (W/m*K)	Phase
144.00	0.0000	0.0000	infinite	1.7269	2.0131	-2.3900e+06	4.9924	6.9796	209.89	undefined	0.012047	0.012688	vapor
144.00	0.16667	0.00053651	1863.9	1.7262	2.0121	26.000	4.9974	6.9938	209.77	1.4819	0.012050	0.012698	vapor
144.00	0.33333	0.0010742	930.96	1.7256	2.0111	24.618	5.0024	7.0079	209.66	1.4814	0.012052	0.012710	vapor
144.00	0.50000	0.0016130	619.98	1.7249	2.0102	23.807	5.0073	7.0221	209.54	1.4809	0.012055	0.012721	vapor
144.00	0.66667	0.0021529	464.49	1.7243	2.0092	23.231	5.0123	7.0363	209.42	1.4804	0.012058	0.012732	vapor
144.00	0.83333	0.0026940	371.19	1.7236	2.0082	22.783	5.0172	7.0506	209.31	1.4799	0.012061	0.012743	vapor
144.00	1.0000	0.0032363	308.99	1.7230	2.0073	22.416	5.0222	7.0649	209.19	1.4794	0.012065	0.012754	vapor
144.00	1.1667	0.0037798	264.57	1.7223	2.0063	22.105	5.0271	7.0793	209.07	1.4789	0.012068	0.012765	vapor
144.00	1.3333	0.0043244	231.24	1.7216	2.0053	21.835	5.0320	7.0937	208.95	1.4785	0.012071	0.012777	vapor
144.00	1.5000	0.0048703	205.33	1.7210	2.0044	21.597	5.0369	7.1082	208.84	1.4780	0.012075	0.012788	vapor
144.00	1.6667	0.0054173	184.59	1.7203	2.0034	21.383	5.0418	7.1227	208.72	1.4775	0.012079	0.012800	vapor
144.00	1.8333	0.0059656	167.63	1.7196	2.0024	21.189	5.0467	7.1373	208.60	1.4771	0.012083	0.012811	vapor
144.00	2.0000	0.0065150	153.49	1.7190	2.0014	21.011	5.0516	7.1519	208.48	1.4767	0.012087	0.012823	vapor
144.00	2.1667	0.0070657	141.53	1.7183	2.0005	20.847	5.0565	7.1666	208.36	1.4762	0.012091	0.012834	vapor
144.00	2.3333	0.0076177	131.27	1.7176	1.9995	20.695	5.0614	7.1813	208.24	1.4758	0.012095	0.012846	vapor
144.00	2.5000	0.0081708	122.39	1.7170	1.9985	20.553	5.0662	7.1961	208.12	1.4754	0.012099	0.012858	vapor
144.00	2.6667	0.0087252	114.61	1.7163	1.9975	20.421	5.0711	7.2109	208.00	1.4749	0.012104	0.012870	vapor
144.00	2.8333	0.0092809	107.75	1.7156	1.9965	20.295	5.0759	7.2258	207.88	1.4745	0.012109	0.012882	vapor
144.00	3.0000	0.0098378	101.65	1.7149	1.9955	20.177	5.0808	7.2408	207.76	1.4741	0.012113	0.012893	vapor
144.00	3.1667	0.010396	96.190	1.7143	1.9946	20.065	5.0856	7.2558	207.64	1.4737	0.012118	0.012905	vapor
144.00	3.3333	0.010956	91.278	1.7136	1.9936	19.958	5.0904	7.2708	207.52	1.4733	0.012123	0.012917	vapor
144.00	3.5000	0.011516	86.833	1.7129	1.9926	19.857	5.0952	7.2859	207.40	1.4730	0.012128	0.012930	vapor
144.00	3.6667	0.012078	82.793	1.7122	1.9916	19.759	5.1001	7.3011	207.27	1.4726	0.012134	0.012942	vapor
144.00	3.8333	0.012642	79.103	1.7116	1.9906	19.666	5.1049	7.3163	207.15	1.4722	0.012139	0.012954	vapor
144.00	4.0000	0.013206	75.721	1.7109	1.9896	19.577	5.1097	7.3316	207.03	1.4718	0.012145	0.012966	vapor
144.00	4.1667	0.013772	72.609	1.7102	1.9886	19.491	5.1145	7.3470	206.90	1.4715	0.012150	0.012979	vapor
144.00	4.3333	0.014340	69.736	1.7095	1.9876	19.408	5.1192	7.3624	206.78	1.4711	0.012156	0.012991	vapor
144.00	4.5000	0.014908	67.076	1.7088	1.9866	19.328	5.1240	7.3778	206.66	1.4708	0.012162	0.013003	vapor
144.00	4.6667	0.015479	64.606	1.7081	1.9856	19.251	5.1288	7.3934	206.53	1.4704	0.012168	0.013016	vapor
144.00	4.8333	0.016050	62.306	1.7075	1.9846	19.177	5.1336	7.4090	206.41	1.4701	0.012174	0.013029	vapor
144.00	5.0000	0.016623	60.159	1.7068	1.9836	19.105	5.1383	7.4247	206.28	1.4698	0.012181	0.013041	vapor
144.00	5.1667	0.017197	58.150	1.7061	1.9825	19.035	5.1431	7.4404	206.16	1.4695	0.012187	0.013054	vapor
144.00	5.3333	0.017772	56.267	1.7054	1.9815	18.967	5.1478	7.4562	206.03	1.4691	0.012194	0.013067	vapor
144.00	5.5000	0.018349	54.498	1.7047	1.9805	18.901	5.1526	7.4721	205.91	1.4688	0.012200	0.013080	vapor
144.00	5.6667	0.018928	52.833	1.7040	1.9795	18.836	5.1573	7.4880	205.78	1.4685	0.012207	0.013093	vapor
144.00	5.8333	0.019507	51.263	1.7033	1.9785	18.774	5.1621	7.5040	205.66	1.4682	0.012214	0.013106	vapor
144.00	6.0000	0.020088	49.780	1.7026	1.9775	18.713	5.1668	7.5201	205.53	1.4679	0.012221	0.013119	vapor
144.00	6.1667	0.020671	48.377	1.7019	1.9764	18.654	5.1715	7.5362	205.40	1.4677	0.012229	0.013132	vapor
144.00	6.3333	0.021255	47.048	1.7012	1.9754	18.596	5.1762	7.5525	205.28	1.4674	0.012236	0.013145	vapor
144.00	6.5000	0.021840	45.787	1.7005	1.9744	18.539	5.1809	7.5688	205.15	1.4671	0.012243	0.013158	vapor
144.00	6.6667	0.022427	44.588	1.6998	1.9734	18.484	5.1856	7.5851	205.02	1.4668	0.012251	0.013172	vapor
144.00	6.8333	0.023016	43.448	1.6991	1.9723	18.430	5.1904	7.6016	204.89	1.4666	0.012259	0.013185	vapor
144.00	7.0000	0.023606	42.363	1.6984	1.9713	18.377	5.1951	7.6181	204.77	1.4663	0.012267	0.013199	vapor
144.00	7.1667	0.024197	41.327	1.6977	1.9703	18.325	5.1997	7.6347	204.64	1.4660	0.012275	0.013212	vapor
144.00	7.3333	0.024790	40.339	1.6970	1.9692	18.274	5.2044	7.6514	204.51	1.4658	0.012283	0.013226	vapor
144.00	7.5000	0.025384	39.394	1.6963	1.9682	18.225	5.2091	7.6682	204.38	1.4656	0.012291	0.013240	vapor
144.00	7.6667	0.025980	38.491	1.6956	1.9671	18.176	5.2138	7.6850	204.25	1.4653	0.012300	0.013254	vapor
144.00	7.8333	0.026578	37.626	1.6949	1.9661	18.128	5.2185	7.7020	204.12	1.4651	0.012308	0.013267	vapor
144.00	8.0000	0.027177	36.796	1.6942	1.9650	18.081	5.2232	7.7190	203.99	1.4649	0.012317	0.013281	vapor
144.00	8.1667	0.027777	36.001	1.6935	1.9640	18.035	5.2278	7.7361	203.86	1.4646	0.012326	0.013295	vapor
144.00	8.3333	0.028379	35.237	1.6927	1.9629	17.990	5.2325	7.7533	203.73	1.4644	0.012335	0.013310	vapor
144.00	8.5000	0.028983	34.503	1.6920	1.9619	17.946	5.2372	7.7705	203.60	1.4642	0.012344	0.013324	vapor
144.00	8.6667	0.029588	33.797	1.6913	1.9608	17.902	5.2418	7.7879	203.47	1.4640	0.012353	0.013338	vapor
144.00	8.8333	0.030195	33.118	1.6906	1.9598	17.859	5.2465	7.8054	203.34	1.4638	0.012363	0.013352	vapor
144.00	9.0000	0.030803	32.464	1.6899	1.9587	17.817	5.2511	7.8229	203.21	1.4636	0.012372	0.013367	vapor
144.00	9.1667	0.031413	31.833	1.6891	1.9577	17.775	5.2558	7.8405	203.08	1.4634	0.012382	0.013381	vapor
144.00	9.3333	0.032025	31.225	1.6884	1.9566	17.734	5.2604	7.8583	202.94	1.4632	0.012392	0.013396	vapor
144.00	9.5000	0.032638	30.639	1.6877	1.9555	17.694	5.2651	7.8761	202.81	1.4630	0.012401	0.013411	vapor
144.00	9.6667	0.033253	30.072	1.6870	1.9545	17.654	5.2697	7.8940	202.68	1.4629	0.012412	0.013425	vapor
144.00	9.8333	0.033870	29.525	1.6862	1.9534	17.615	5.2744	7.9120	202.55	1.4627	0.012422	0.013440	vapor
144.00	10.000	0.034488	28.995	1.6855	1.9523	17.576	5.2790	7.9302	202.41	1.4625	0.012432	0.013455	vapor
144.00	10.167	0.035108	28.483	1.6848	1.9512	17.538	5.2836	7.9484	202.28	1.4623	0.012443	0.013470	vapor
144.00	10.333	0.035730	27.988	1.6841	1.9502	17.501	5.2883	7.9667	202.15	1.4622	0.012453	0.013485	vapor
144.00	10.500	0.036354	27.508	1.6833	1.9491	17.464	5.2929	7.9851	202.01	1.4620	0.012464	0.013501	vapor
144.00	10.667	0.036979	27.043	1.6826	1.9480	17.427	5.2976	8.0037	201.88	1.4619	0.012475	0.013516	vapor
144.00	10.833	0.037606	26.592	1.6818	1.9469	17.391	5.3022	8.0223	201.75	1.4617	0.012486	0.013531	vapor
144.00	11.000	0.038234	26.154	1.6811	1.9458	17.355	5.3068	8.0411	201.61	1.4616	0.012497	0.013547	vapor
144.00	11.167	0.038865	25.730	1.6804	1.9447	17.320	5.3114	8.0599	201.48	1.4614	0.012508	0.013562	vapor
144.00	11.333	0.039497	25.318	1.6796	1.9437	17.285	5.3161	8.0789	201.34	1.4613	0.012520	0.013578	vapor
144.00	11.500	0.040131	24.918	1.6789	1.9426	17.251	5.3207	8.0980	201.21	1.4612	0.012531	0.013594	vapor
144.00	11.667	0.040767	24.530	1.6781	1.9415	17.217	5.3253	8.1172	201.07	1.4610	0.012543	0.013610	vapor
144.00	11.833	0.041404	24.152	1.6774	1.9404	17.184	5.3299	8.1365	200.94	1.4609	0.012555	0.013626	vapor
144.00	12.000	0.042044	23.785	1.6766	1.9393	17.150	5.3346	8.1559	200.80	1.4608	0.012567	0.013642	vapor
144.00	12.167	0.042685	23.427	1.6759	1.9382	17.118	5.3392	8.1755	200.67	1.4607	0.012579	0.013658	vapor
144.00	12.333	0.043328	23.080	1.6751	1.9371	17.085	5.3438	8.1952	200.53	1.4606	0.012592	0.013674	vapor
144.00	12.500	0.043973	22.741	1.6744	1.9359	17.053	5.3484	8.2150	200.39	1.4605	0.012604	0.013691	vapor
144.00	12.667	0.044620	22.412	1.6736	1.9348	17.021	5.3531	8.2349	200.26	1.4604	0.012617	0.013707	vapor
144.00	12.833	0.045269	22.090	1.6729	1.9337	16.990	5.3577	8.2549	200.12	1.4603	0.012629	0.013724	vapor
144.00	13.000	0.045919	21.777	1.6721	1.9326	16.959	5.3623	8.2751	199.98	1.4602	0.012642	0.013740	vapor
144.00	13.167	0.046572	21.472	1.6713	1.9315	16.928	5.3670	8.2954	199.85	1.4601	0.012655	0.013757	vapor
144.00	13.333	0.047226	21.175	1.6706	1.9304	16.897	5.3716	8.3159	199.71	1.4600	0.012669	0.013774	vapor
144.00	13.500	0.047883	20.884	1.6698	1.9292	16.867	5.3762	8.3364	199.57	1.4599	0.012682	0.013791	vapor
144.00	13.667	0.048541	20.601	1.6690	1.9281	16.837	5.3809	8.3571	199.43	1.4598	0.012695	0.013808	vapor
144.00	13.833	0.049202	20.324	1.6683	1.9270	16.808	5.3855	8.3780	199.29	1.4597	0.012709	0.013825	vapor
144.00	14.000	0.049864	20.054	1.6675	1.9258	16.778	5.3901	8.3990	199.16	1.4596	0.012723	0.013843	vapor
144.00	14.167	0.050529	19.791	1.6667	1.9247	16.749	5.3948	8.4201	199.02	1.4596	0.012737	0.013860	vapor
144.00	14.333	0.051195	19.533	1.6659	1.9236	16.720	5.3994	8.4414	198.88	1.4595	0.012751	0.013878	vapor
144.00	14.500	0.051864	19.281	1.6652	1.9224	16.692	5.4040	8.4628	198.74	1.4594	0.012765	0.013895	vapor
144.00	14.667	0.052534	19.035	1.6644	1.9213	16.663	5.4087	8.4844	198.60	1.4593	0.012779	0.013913	vapor
144.00	14.833	0.053207	18.794	1.6636	1.9201	16.635	5.4133	8.5061	198.46	1.4593	0.012794	0.013931	vapor
144.00	15.000	0.053882	18.559	1.6628	1.9190	16.607	5.4180	8.5280	198.32	1.4592	0.012809	0.013949	vapor
144.00	15.167	0.054559	18.329	1.6620	1.9178	16.580	5.4226	8.5500	198.18	1.4592	0.012823	0.013967	vapor
144.00	15.333	0.055238	18.104	1.6612	1.9167	16.552	5.4273	8.5722	198.04	1.4591	0.012838	0.013985	vapor
144.00	15.500	0.055919	17.883	1.6604	1.9155	16.525	5.4320	8.5946	197.90	1.4590	0.012853	0.014004	vapor
144.00	15.667	0.056602	17.667	1.6597	1.9143	16.498	5.4366	8.6171	197.76	1.4590	0.012869	0.014022	vapor
144.00	15.833	0.057288	17.456	1.6589	1.9132	16.471	5.4413	8.6398	197.62	1.4589	0.012884	0.014041	vapor
144.00	16.000	0.057976	17.249	1.6581	1.9120	16.445	5.4460	8.6626	197.48	1.4589	0.012900	0.014059	vapor
144.00	16.167	0.058665	17.046	1.6573	1.9108	16.418	5.4507	8.6856	197.34	1.4589	0.012916	0.014078	vapor
144.00	16.333	0.059358	16.847	1.6565	1.9097	16.392	5.4553	8.7088	197.20	1.4588	0.012931	0.014097	vapor
144.00	16.500	0.060052	16.652	1.6557	1.9085	16.366	5.4600	8.7322	197.05	1.4588	0.012947	0.014116	vapor
144.00	16.667	0.060749	16.461	1.6548	1.9073	16.340	5.4647	8.7557	196.91	1.4587	0.012964	0.014136	vapor
144.00	16.833	0.061448	16.274	1.6540	1.9061	16.315	5.4694	8.7795	196.77	1.4587	0.012980	0.014155	vapor
144.00	17.000	0.062149	16.090	1.6532	1.9049	16.289	5.4741	8.8034	196.63	1.4587	0.012997	0.014175	vapor
144.00	17.167	0.062853	15.910	1.6524	1.9037	16.264	5.4788	8.8275	196.49	1.4586	0.013013	0.014194	vapor
144.00	17.333	0.063558	15.734	1.6516	1.9025	16.239	5.4836	8.8518	196.34	1.4586	0.013030	0.014214	vapor
144.00	17.500	0.064267	15.560	1.6508	1.9013	16.214	5.4883	8.8762	196.20	1.4586	0.013047	0.014234	vapor
144.00	17.667	0.064978	15.390	1.6500	1.9001	16.189	5.4930	8.9009	196.06	1.4585	0.013064	0.014254	vapor
144.00	17.833	0.065691	15.223	1.6491	1.8989	16.164	5.4977	8.9258	195.91	1.4585	0.013082	0.014274	vapor
144.00	18.000	0.066406	15.059	1.6483	1.8977	16.140	5.5025	8.9509	195.77	1.4585	0.013099	0.014295	vapor
144.00	18.167	0.067124	14.898	1.6475	1.8965	16.115	5.5072	8.9761	195.63	1.4585	0.013117	0.014315	vapor
144.00	18.333	0.067845	14.740	1.6467	1.8953	16.091	5.5120	9.0016	195.48	1.4584	0.013135	0.014336	vapor
144.00	18.500	0.068568	14.584	1.6458	1.8941	16.067	5.5168	9.0273	195.34	1.4584	0.013153	0.014357	vapor
144.00	18.667	0.069293	14.431	1.6450	1.8929	16.043	5.5216	9.0532	195.20	1.4584	0.013171	0.014377	vapor
144.00	18.833	0.070021	14.281	1.6442	1.8917	16.019	5.5263	9.0794	195.05	1.4584	0.013189	0.014399	vapor
144.00	19.000	0.070752	14.134	1.6433	1.8904	15.996	5.5311	9.1057	194.91	1.4584	0.013208	0.014420	vapor
144.00	19.167	0.071485	13.989	1.6425	1.8892	15.972	5.5359	9.1323	194.76	1.4584	0.013226	0.014441	vapor
144.00	19.333	0.072220	13.847	1.6416	1.8880	15.949	5.5408	9.1591	194.62	1.4583	0.013245	0.014463	vapor
144.00	19.500	0.072959	13.706	1.6408	1.8867	15.925	5.5456	9.1861	194.47	1.4583	0.013264	0.014485	vapor
144.00	19.667	0.073700	13.569	1.6399	1.8855	15.902	5.5504	9.2134	194.33	1.4583	0.013283	0.014506	vapor
144.00	19.833	0.074443	13.433	1.6391	1.8842	15.879	5.5553	9.2409	194.18	1.4583	0.013303	0.014528	vapor
144.00	20.000	0.075190	13.300	1.6382	1.8830	15.856	5.5601	9.2687	194.04	1.4583	0.013322	0.014551	vapor
144.00	20.167	0.075939	13.169	1.6374	1.8817	15.834	5.5650	9.2967	193.89	1.4583	0.013342	0.014573	vapor
144.00	20.333	0.076691	13.039	1.6365	1.8805	15.811	5.5699	9.3250	193.74	1.4583	0.013362	0.014596	vapor
144.00	20.500	0.077445	12.912	1.6356	1.8792	15.788	5.5748	9.3535	193.60	1.4582	0.013382	0.014618	vapor
144.00	20.667	0.078203	12.787	1.6348	1.8779	15.766	5.5797	9.3823	193.45	1.4582	0.013402	0.014641	vapor
144.00	20.833	0.078963	12.664	1.6339	1.8767	15.743	5.5846	9.4113	193.31	1.4582	0.013423	0.014664	vapor
144.00	21.000	0.079726	12.543	1.6330	1.8754	15.721	5.5895	9.4406	193.16	1.4582	0.013443	0.014688	vapor
144.00	21.167	0.080492	12.424	1.6321	1.8741	15.699	5.5944	9.4702	193.01	1.4582	0.013464	0.014711	vapor
144.00	21.333	0.081261	12.306	1.6313	1.8728	15.677	5.5994	9.5001	192.86	1.4582	0.013485	0.014735	vapor
144.00	21.500	0.082032	12.190	1.6304	1.8716	15.655	5.6044	9.5302	192.72	1.4582	0.013506	0.014759	vapor
144.00	21.667	0.082807	12.076	1.6295	1.8703	15.633	5.6094	9.5606	192.57	1.4582	0.013527	0.014783	vapor
144.00	21.833	0.083585	11.964	1.6286	1.8690	15.611	5.6143	9.5914	192.42	1.4581	0.013549	0.014807	vapor
144.00	22.000	0.084365	11.853	1.6277	1.8677	15.590	5.6194	9.6224	192.27	1.4581	0.013571	0.014831	vapor
144.00	22.167	0.085149	11.744	1.6268	1.8664	15.568	5.6244	9.6537	192.12	1.4581	0.013592	0.014856	vapor
144.00	22.333	0.085936	11.637	1.6259	1.8651	15.547	5.6294	9.6854	191.98	1.4581	0.013614	0.014880	vapor
144.00	22.500	0.086726	11.531	1.6250	1.8638	15.525	5.6345	9.7173	191.83	1.4581	0.013637	0.014905	vapor
144.00	22.667	0.087519	11.426	1.6241	1.8625	15.504	5.6396	9.7496	191.68	1.4581	0.013659	0.014931	vapor
144.00	22.833	0.088315	11.323	1.6232	1.8611	15.482	5.6447	9.7822	191.53	1.4580	0.013682	0.014956	vapor
144.00	23.000	0.089114	11.222	1.6223	1.8598	15.461	5.6498	9.8151	191.38	1.4580	0.013705	0.014982	vapor
144.00	23.167	0.089917	11.121	1.6214	1.8585	15.440	5.6549	9.8484	191.23	1.4580	0.013728	0.015007	vapor
144.00	23.333	0.090723	11.023	1.6205	1.8572	15.419	5.6601	9.8820	191.08	1.4580	0.013751	0.015033	vapor
144.00	23.500	0.091532	10.925	1.6196	1.8558	15.398	5.6652	9.9160	190.93	1.4580	0.013774	0.015060	vapor
144.00	23.667	0.092345	10.829	1.6186	1.8545	15.377	5.6704	9.9503	190.78	1.4579	0.013798	0.015086	vapor
144.00	23.833	0.093160	10.734	1.6177	1.8531	15.356	5.6756	9.9850	190.63	1.4579	0.013822	0.015113	vapor
144.00	24.000	0.093980	10.641	1.6168	1.8518	15.336	5.6809	10.020	190.48	1.4579	0.013846	0.015140	vapor
144.00	24.167	0.094802	10.548	1.6159	1.8504	15.315	5.6861	10.055	190.33	1.4578	0.013870	0.015167	vapor
144.00	24.333	0.095629	10.457	1.6149	1.8491	15.294	5.6914	10.091	190.18	1.4578	0.013894	0.015194	vapor
144.00	24.500	0.096458	10.367	1.6140	1.8477	15.274	5.6967	10.127	190.03	1.4578	0.013919	0.015222	vapor
144.00	24.667	0.097291	10.278	1.6130	1.8463	15.253	5.7020	10.164	189.88	1.4577	0.013944	0.015250	vapor
144.00	24.833	0.098128	10.191	1.6121	1.8450	15.233	5.7073	10.201	189.73	1.4577	0.013969	0.015278	vapor
144.00	25.000	0.098968	10.104	1.6111	1.8436	15.212	5.7127	10.238	189.57	1.4577	0.013994	0.015306	vapor
144.00	25.167	0.099812	10.019	1.6102	1.8422	15.192	5.7181	10.276	189.42	1.4576	0.014020	0.015335	vapor
144.00	25.333	0.10066	9.9344	1.6092	1.8408	15.172	5.7235	10.314	189.27	1.4576	0.014045	0.015363	vapor
144.00	25.500	0.10151	9.8511	1.6083	1.8394	15.152	5.7289	10.353	189.12	1.4575	0.014071	0.015393	vapor
144.00	25.667	0.10237	9.7688	1.6073	1.8380	15.131	5.7344	10.392	188.97	1.4575	0.014097	0.015422	vapor
144.00	25.833	0.10323	9.6875	1.6063	1.8366	15.111	5.7399	10.432	188.81	1.4574	0.014124	0.015451	vapor
144.00	26.000	0.10409	9.6072	1.6053	1.8352	15.091	5.7454	10.472	188.66	1.4573	0.014150	0.015481	vapor
144.00	26.167	0.10496	9.5279	1.6044	1.8338	15.071	5.7509	10.512	188.51	1.4573	0.014177	0.015512	vapor
144.00	26.333	0.10583	9.4495	1.6034	1.8324	15.051	5.7565	10.553	188.35	1.4572	0.014204	0.015542	vapor
144.00	26.500	0.10670	9.3720	1.6024	1.8309	15.031	5.7621	10.595	188.20	1.4571	0.014231	0.015573	vapor
144.00	26.667	0.10758	9.2955	1.6014	1.8295	15.011	5.7678	10.637	188.04	1.4571	0.014259	0.015604	vapor
144.00	26.833	0.10846	9.2198	1.6004	1.8281	14.992	5.7734	10.679	187.89	1.4570	0.014287	0.015635	vapor
144.00	27.000	0.10935	9.1450	1.5994	1.8266	14.972	5.7791	10.722	187.74	1.4569	0.014314	0.015667	vapor
144.00	27.167	0.11024	9.0711	1.5984	1.8252	14.952	5.7848	10.766	187.58	1.4568	0.014343	0.015698	vapor
144.00	27.333	0.11114	8.9980	1.5974	1.8237	14.932	5.7906	10.810	187.43	1.4567	0.014371	0.015731	vapor
144.00	27.500	0.11204	8.9258	1.5964	1.8222	14.913	5.7964	10.855	187.27	1.4566	0.014400	0.015763	vapor
144.00	27.667	0.11294	8.8543	1.5954	1.8208	14.893	5.8022	10.900	187.12	1.4565	0.014429	0.015796	vapor
144.00	27.833	0.11385	8.7837	1.5943	1.8193	14.873	5.8081	10.946	186.96	1.4564	0.014458	0.015829	vapor
144.00	28.000	0.11476	8.7138	1.5933	1.8178	14.854	5.8140	10.992	186.80	1.4563	0.014487	0.015862	vapor
144.00	28.167	0.11568	8.6447	1.5923	1.8163	14.834	5.8199	11.039	186.65	1.4562	0.014517	0.015896	vapor
144.00	28.333	0.11660	8.5764	1.5913	1.8149	14.815	5.8259	11.086	186.49	1.4561	0.014547	0.015930	vapor
144.00	28.500	0.11753	8.5088	1.5902	1.8134	14.795	5.8319	11.135	186.33	1.4559	0.014577	0.015965	vapor
144.00	28.667	0.11846	8.4419	1.5892	1.8119	14.776	5.8379	11.183	186.18	1.4558	0.014607	0.016000	vapor
144.00	28.833	0.11939	8.3758	1.5881	1.8103	14.756	5.8440	11.233	186.02	1.4557	0.014638	0.016035	vapor
144.00	29.000	0.12033	8.3103	1.5871	1.8088	14.737	5.8501	11.283	185.86	1.4555	0.014669	0.016070	vapor
144.00	29.167	0.12128	8.2455	1.5860	1.8073	14.717	5.8563	11.334	185.70	1.4554	0.014700	0.016106	vapor
144.00	29.333	0.12223	8.1814	1.5849	1.8058	14.698	5.8625	11.385	185.55	1.4552	0.014731	0.016142	vapor
144.00	29.500	0.12318	8.1180	1.5839	1.8042	14.679	5.8688	11.438	185.39	1.4550	0.014763	0.016179	vapor
144.00	29.667	0.12414	8.0552	1.5828	1.8027	14.659	5.8751	11.491	185.23	1.4549	0.014795	0.016216	vapor
144.00	29.833	0.12511	7.9931	1.5817	1.8011	14.640	5.8814	11.544	185.07	1.4547	0.014827	0.016253	vapor
144.00	30.000	0.12608	7.9316	1.5806	1.7996	14.621	5.8878	11.599	184.91	1.4545	0.014860	0.016291	vapor
144.00	30.167	0.12705	7.8706	1.5795	1.7980	14.601	5.8943	11.654	184.75	1.4543	0.014893	0.016329	vapor
144.00	30.333	0.12804	7.8103	1.5784	1.7964	14.582	5.9008	11.710	184.59	1.4541	0.014926	0.016368	vapor
144.00	30.500	0.12902	7.7506	1.5773	1.7949	14.563	5.9073	11.767	184.43	1.4539	0.014959	0.016407	vapor
144.00	30.667	0.13001	7.6915	1.5762	1.7933	14.544	5.9139	11.825	184.27	1.4537	0.014993	0.016446	vapor
144.00	30.833	0.13101	7.6330	1.5751	1.7917	14.524	5.9206	11.883	184.11	1.4535	0.015027	0.016486	vapor
144.00	31.000	0.13201	7.5750	1.5740	1.7901	14.505	5.9273	11.943	183.94	1.4532	0.015061	0.016527	vapor
144.00	31.167	0.13302	7.5176	1.5729	1.7885	14.486	5.9340	12.003	183.78	1.4530	0.015096	0.016567	vapor
144.00	31.333	0.13404	7.4607	1.5717	1.7868	14.467	5.9408	12.064	183.62	1.4527	0.015130	0.016608	vapor
144.00	31.500	0.13506	7.4043	1.5706	1.7852	14.448	5.9477	12.126	183.46	1.4525	0.015166	0.016650	vapor
144.00	31.667	0.13608	7.3485	1.5695	1.7836	14.428	5.9546	12.190	183.29	1.4522	0.015201	0.016692	vapor
144.00	31.833	0.13711	7.2932	1.5683	1.7819	14.409	5.9616	12.254	183.13	1.4519	0.015237	0.016735	vapor
144.00	32.000	0.13815	7.2384	1.5671	1.7803	14.390	5.9687	12.319	182.97	1.4516	0.015273	0.016778	vapor
144.00	32.167	0.13920	7.1841	1.5660	1.7786	14.371	5.9758	12.385	182.80	1.4513	0.015309	0.016822	vapor
144.00	32.333	0.14025	7.1303	1.5648	1.7770	14.351	5.9830	12.452	182.64	1.4510	0.015346	0.016866	vapor
144.00	32.500	0.14130	7.0770	1.5636	1.7753	14.332	5.9903	12.521	182.47	1.4507	0.015383	0.016911	vapor
144.00	32.667	0.14237	7.0241	1.5625	1.7736	14.313	5.9976	12.590	182.31	1.4504	0.015421	0.016956	vapor
144.00	32.833	0.14344	6.9717	1.5613	1.7719	14.294	6.0050	12.661	182.14	1.4500	0.015459	0.017002	vapor
144.00	33.000	0.14451	6.9198	1.5601	1.7702	14.275	6.0124	12.733	181.97	1.4497	0.015497	0.017048	vapor
144.00	33.167	0.14560	6.8683	1.5589	1.7685	14.255	6.0200	12.806	181.81	1.4493	0.015535	0.017095	vapor
144.00	33.333	0.14669	6.8172	1.5577	1.7668	14.236	6.0276	12.880	181.64	1.4489	0.015574	0.017142	vapor
144.00	33.500	0.14778	6.7666	1.5564	1.7650	14.217	6.0353	12.955	181.47	1.4485	0.015613	0.017190	vapor
144.00	33.667	0.14889	6.7164	1.5552	1.7633	14.198	6.0431	13.032	181.30	1.4481	0.015653	0.017239	vapor
144.00	33.833	0.15000	6.6666	1.5540	1.7615	14.178	6.0509	13.111	181.13	1.4477	0.015693	0.017288	vapor
144.00	34.000	0.15112	6.6173	1.5527	1.7598	14.159	6.0588	13.190	180.96	1.4473	0.015733	0.017338	vapor
144.00	34.167	0.15225	6.5683	1.5515	1.7580	14.140	6.0669	13.271	180.79	1.4468	0.015774	0.017389	vapor
144.00	34.333	0.15338	6.5198	1.5502	1.7562	14.120	6.0750	13.354	180.62	1.4464	0.015815	0.017440	vapor
144.00	34.500	0.15452	6.4716	1.5490	1.7544	14.101	6.0832	13.438	180.45	1.4459	0.015857	0.017492	vapor
144.00	34.667	0.15567	6.4238	1.5477	1.7526	14.081	6.0915	13.523	180.28	1.4454	0.015899	0.017544	vapor
144.00	34.833	0.15683	6.3764	1.5464	1.7508	14.062	6.0999	13.610	180.11	1.4449	0.015941	0.017598	vapor
144.00	35.000	0.15799	6.3293	1.5451	1.7490	14.043	6.1084	13.699	179.94	1.4444	0.015984	0.017652	vapor
144.00	35.167	0.15917	6.2827	1.5438	1.7471	14.023	6.1170	13.790	179.76	1.4439	0.016027	0.017706	vapor
144.00	35.333	0.16035	6.2363	1.5425	1.7453	14.004	6.1257	13.882	179.59	1.4433	0.016070	0.017762	vapor
144.00	35.500	0.16154	6.1904	1.5412	1.7434	13.984	6.1345	13.976	179.41	1.4427	0.016114	0.017818	vapor
144.00	35.667	0.16274	6.1447	1.5399	1.7415	13.965	6.1434	14.072	179.24	1.4422	0.016159	0.017875	vapor
144.00	35.833	0.16395	6.0994	1.5385	1.7397	13.945	6.1524	14.170	179.06	1.4416	0.016204	0.017933	vapor
144.00	36.000	0.16517	6.0545	1.5372	1.7378	13.925	6.1615	14.270	178.88	1.4409	0.016249	0.017992	vapor
144.00	36.167	0.16639	6.0098	1.5358	1.7359	13.906	6.1708	14.372	178.71	1.4403	0.016295	0.018051	vapor
144.00	36.333	0.16763	5.9655	1.5345	1.7339	13.886	6.1802	14.476	178.53	1.4396	0.016341	0.018112	vapor
144.00	36.500	0.16888	5.9215	1.5331	1.7320	13.866	6.1897	14.582	178.35	1.4390	0.016388	0.018173	vapor
144.00	36.667	0.17013	5.8778	1.5317	1.7300	13.846	6.1993	14.690	178.17	1.4383	0.016436	0.018236	vapor
144.00	36.833	0.17140	5.8344	1.5303	1.7281	13.826	6.2091	14.801	177.99	1.4375	0.016483	0.018299	vapor
144.00	37.000	0.17267	5.7913	1.5289	1.7261	13.806	6.2190	14.914	177.81	1.4368	0.016532	0.018363	vapor
144.00	37.167	0.17396	5.7485	1.5275	1.7241	13.786	6.2290	15.030	177.62	1.4360	0.016581	0.018428	vapor
144.00	37.333	0.17526	5.7059	1.5261	1.7221	13.766	6.2392	15.148	177.44	1.4352	0.016630	0.018494	vapor
144.00	37.500	0.17656	5.6637	1.5247	1.7201	13.746	6.2495	15.269	177.26	1.4344	0.016680	0.018562	vapor
144.00	37.667	0.17788	5.6217	1.5232	1.7181	13.726	6.2600	15.392	177.07	1.4336	0.016730	0.018630	vapor
144.00	37.833	0.17921	5.5800	1.5217	1.7160	13.706	6.2706	15.519	176.89	1.4328	0.016781	0.018699	vapor
144.00	38.000	0.18055	5.5385	1.5203	1.7139	13.686	6.2814	15.648	176.70	1.4319	0.016833	0.018770	vapor
144.00	38.167	0.18191	5.4973	1.5188	1.7119	13.665	6.2924	15.781	176.51	1.4310	0.016885	0.018842	vapor
144.00	38.333	0.18327	5.4563	1.5173	1.7098	13.645	6.3036	15.917	176.32	1.4300	0.016938	0.018915	vapor
144.00	38.500	0.18465	5.4156	1.5158	1.7076	13.624	6.3149	16.056	176.13	1.4291	0.016991	0.018989	vapor
144.00	38.667	0.18604	5.3751	1.5143	1.7055	13.604	6.3264	16.198	175.94	1.4281	0.017045	0.019065	vapor
144.00	38.833	0.18745	5.3349	1.5127	1.7034	13.583	6.3381	16.344	175.75	1.4271	0.017100	0.019141	vapor
144.00	39.000	0.18886	5.2949	1.5112	1.7012	13.563	6.3500	16.494	175.55	1.4260	0.017155	0.019220	vapor
144.00	39.167	0.19029	5.2551	1.5096	1.6990	13.542	6.3620	16.648	175.36	1.4249	0.017211	0.019299	vapor
144.00	39.333	0.19174	5.2155	1.5080	1.6968	13.521	6.3743	16.805	175.16	1.4238	0.017268	0.019380	vapor
144.00	39.500	0.19319	5.1761	1.5064	1.6946	13.500	6.3868	16.967	174.96	1.4227	0.017325	0.019463	vapor
144.00	39.667	0.19467	5.1370	1.5048	1.6923	13.479	6.3996	17.133	174.77	1.4215	0.017384	0.019547	vapor
144.00	39.833	0.19615	5.0980	1.5032	1.6901	13.458	6.4125	17.304	174.57	1.4203	0.017442	0.019633	vapor
144.00	40.000	0.19766	5.0592	1.5016	1.6878	13.436	6.4257	17.479	174.36	1.4191	0.017502	0.019720	vapor
144.00	40.167	0.19918	5.0207	1.4999	1.6855	13.415	6.4392	17.660	174.16	1.4178	0.017563	0.019809	vapor
144.00	40.333	0.20071	4.9823	1.4982	1.6831	13.393	6.4529	17.845	173.96	1.4165	0.017624	0.019900	vapor
144.00	40.500	0.20226	4.9440	1.4965	1.6808	13.372	6.4668	18.036	173.75	1.4151	0.017686	0.019993	vapor
144.00	40.667	0.20383	4.9060	1.4948	1.6784	13.350	6.4811	18.233	173.54	1.4137	0.017749	0.020087	vapor
144.00	40.833	0.20542	4.8681	1.4931	1.6760	13.328	6.4956	18.436	173.33	1.4123	0.017812	0.020184	vapor
144.00	41.000	0.20702	4.8304	1.4913	1.6736	13.306	6.5104	18.645	173.12	1.4108	0.017877	0.020283	vapor
144.00	41.167	0.20865	4.7928	1.4896	1.6711	13.284	6.5255	18.860	172.91	1.4093	0.017942	0.020383	vapor
144.00	41.333	0.21029	4.7554	1.4878	1.6687	13.262	6.5409	19.082	172.69	1.4077	0.018009	0.020486	vapor
144.00	41.500	0.21195	4.7181	1.4860	1.6662	13.239	6.5567	19.311	172.48	1.4061	0.018076	0.020592	vapor
144.00	41.667	0.21363	4.6809	1.4842	1.6636	13.217	6.5727	19.548	172.26	1.4045	0.018145	0.020699	vapor
144.00	41.833	0.21534	4.6439	1.4823	1.6611	13.194	6.5892	19.793	172.04	1.4028	0.018214	0.020809	vapor
144.00	42.000	0.21706	4.6070	1.4804	1.6585	13.171	6.6060	20.046	171.81	1.4010	0.018285	0.020922	vapor
144.00	42.167	0.21881	4.5702	1.4785	1.6559	13.148	6.6231	20.308	171.59	1.3992	0.018356	0.021037	vapor
144.00	42.333	0.22058	4.5335	1.4766	1.6532	13.125	6.6407	20.579	171.36	1.3973	0.018429	0.021155	vapor
144.00	42.500	0.22237	4.4970	1.4747	1.6506	13.102	6.6587	20.860	171.13	1.3954	0.018503	0.021276	vapor
144.00	42.667	0.22419	4.4605	1.4727	1.6478	13.078	6.6771	21.151	170.90	1.3934	0.018578	0.021401	vapor
144.00	42.833	0.22604	4.4241	1.4707	1.6451	13.054	6.6960	21.453	170.66	1.3914	0.018655	0.021528	vapor
144.00	43.000	0.22791	4.3878	1.4687	1.6423	13.030	6.7153	21.767	170.42	1.3892	0.018732	0.021658	vapor
144.00	43.167	0.22981	4.3515	1.4666	1.6395	13.006	6.7351	22.093	170.18	1.3871	0.018811	0.021793	vapor
144.00	43.333	0.23173	4.3153	1.4646	1.6366	12.981	6.7554	22.432	169.94	1.3848	0.018892	0.021930	vapor
144.00	43.500	0.23369	4.2792	1.4625	1.6337	12.957	6.7763	22.785	169.69	1.3825	0.018974	0.022072	vapor
144.00	43.667	0.23568	4.2431	1.4603	1.6308	12.932	6.7977	23.153	169.44	1.3801	0.019057	0.022218	vapor
144.00	43.833	0.23770	4.2070	1.4581	1.6278	12.907	6.8197	23.536	169.19	1.3776	0.019142	0.022368	vapor
144.00	44.000	0.23975	4.1710	1.4559	1.6248	12.881	6.8423	23.937	168.93	1.3751	0.019229	0.022522	vapor
144.00	44.167	0.24184	4.1350	1.4537	1.6217	12.855	6.8655	24.355	168.67	1.3724	0.019317	0.022681	vapor
144.00	44.333	0.24396	4.0990	1.4514	1.6186	12.829	6.8894	24.793	168.41	1.3697	0.019407	0.022845	vapor
144.00	44.500	0.24612	4.0630	1.4491	1.6154	12.803	6.9140	25.251	168.14	1.3669	0.019499	0.023015	vapor
144.00	44.667	0.24833	4.0270	1.4467	1.6122	12.776	6.9394	25.732	167.87	1.3640	0.019593	0.023189	vapor
144.00	44.833	0.25057	3.9909	1.4443	1.6089	12.749	6.9655	26.237	167.59	1.3609	0.019689	0.023370	vapor
144.00	45.000	0.25286	3.9548	1.4418	1.6056	12.722	6.9925	26.767	167.31	1.3578	0.019787	0.023557	vapor
144.00	45.167	0.25519	3.9187	1.4393	1.6022	12.694	7.0203	27.326	167.02	1.3546	0.019887	0.023751	vapor
144.00	45.333	0.25757	3.8824	1.4368	1.5987	12.666	7.0490	27.915	166.73	1.3512	0.019990	0.023952	vapor
144.00	45.500	0.26000	3.8461	1.4342	1.5952	12.637	7.0787	28.537	166.43	1.3477	0.020095	0.024160	vapor
144.00	45.667	0.26249	3.8097	1.4315	1.5916	12.608	7.1094	29.195	166.12	1.3441	0.020203	0.024377	vapor
144.00	45.833	0.26503	3.7732	1.4288	1.5879	12.579	7.1413	29.893	165.81	1.3403	0.020313	0.024602	vapor
144.00	46.000	0.26763	3.7365	1.4260	1.5842	12.549	7.1743	30.633	165.50	1.3364	0.020427	0.024836	vapor
144.00	46.167	0.27029	3.6997	1.4232	1.5804	12.518	7.2085	31.421	165.17	1.3324	0.020544	0.025081	vapor
144.00	46.333	0.27303	3.6626	1.4203	1.5764	12.487	7.2440	32.261	164.84	1.3282	0.020663	0.025336	vapor
144.00	46.500	0.27583	3.6254	1.4173	1.5724	12.455	7.2809	33.158	164.50	1.3238	0.020787	0.025603	vapor
144.00	46.667	0.27871	3.5879	1.4142	1.5683	12.423	7.3194	34.120	164.16	1.3192	0.020914	0.025882	vapor
144.00	46.833	0.28168	3.5502	1.4111	1.5641	12.390	7.3594	35.154	163.80	1.3144	0.021046	0.026176	vapor
144.00	47.000	0.28473	3.5121	1.4079	1.5598	12.356	7.4012	36.267	163.43	1.3094	0.021181	0.026484	vapor
144.00	47.167	0.28787	3.4737	1.4045	1.5553	12.321	7.4449	37.470	163.06	1.3042	0.021322	0.026809	vapor
144.00	47.333	0.29112	3.4350	1.4011	1.5507	12.286	7.4906	38.776	162.67	1.2987	0.021467	0.027152	vapor
144.00	47.500	0.29449	3.3958	1.3975	1.5460	12.249	7.5385	40.197	162.27	1.2930	0.021618	0.027516	vapor
144.00	47.667	0.29797	3.3561	1.3939	1.5411	12.211	7.5888	41.751	161.85	1.2870	0.021775	0.027901	vapor
144.00	47.833	0.30158	3.3158	1.3901	1.5360	12.173	7.6417	43.458	161.42	1.2806	0.021938	0.028312	vapor
144.00	48.000	0.30534	3.2750	1.3861	1.5308	12.133	7.6975	45.343	160.98	1.2739	0.022109	0.028750	vapor
144.00	48.167	0.30927	3.2335	1.3820	1.5253	12.091	7.7565	47.436	160.51	1.2669	0.022288	0.029221	vapor
144.00	48.333	0.31337	3.1911	1.3777	1.5196	12.049	7.8190	49.775	160.03	1.2594	0.022475	0.029727	vapor
144.00	48.500	0.31767	3.1479	1.3732	1.5137	12.004	7.8854	52.408	159.52	1.2514	0.022673	0.030275	vapor
144.00	48.667	0.32220	3.1037	1.3685	1.5075	11.957	7.9562	55.397	158.99	1.2430	0.022882	0.030871	vapor
144.00	48.833	0.32698	3.0582	1.3635	1.5009	11.909	8.0319	58.822	158.43	1.2339	0.023104	0.031523	vapor
144.00	49.000	0.33207	3.0114	1.3582	1.4940	11.857	8.1134	62.790	157.84	1.2242	0.023340	0.032243	vapor
144.00	49.167	0.33749	2.9630	1.3526	1.4867	11.803	8.2014	67.450	157.21	1.2137	0.023594	0.033043	vapor
144.00	49.333	0.34333	2.9127	1.3466	1.4788	11.746	8.2970	73.007	156.54	1.2023	0.023869	0.033942	vapor
144.00	49.500	0.34965	2.8600	1.3401	1.4704	11.684	8.4017	79.762	155.81	1.1899	0.024168	0.034966	vapor
144.00	49.667	0.35658	2.8044	1.3330	1.4612	11.617	8.5173	88.174	155.02	1.1762	0.024497	0.036150	vapor
144.00	49.833	0.36427	2.7452	1.3252	1.4511	11.544	8.6464	98.973	154.14	1.1609	0.024865	0.037549	vapor
144.00	50.000	0.37295	2.6813	1.3164	1.4398	11.463	8.7926	113.41	153.16	1.1435	0.025283	0.039247	vapor
144.00	50.167	0.38300	2.6110	1.3064	1.4269	11.370	8.9615	133.86	152.04	1.1234	0.025771	0.041391	vapor
144.00	50.333	0.39506	2.5313	1.2944	1.4116	11.262	9.1624	165.41	150.71	1.0994	0.026363	0.044261	vapor
144.00	50.500	0.41048	2.4362	1.2793	1.3925	11.126	9.4126	221.71	149.04	1.0692	0.027127	0.048513	vapor
144.00	50.667	0.43285	2.3103	1.2579	1.3656	10.937	9.7546	358.54	146.68	1.0268	0.028254	0.055284	vapor
144.00	50.785	0.46153	2.1667	1.2313	1.3325	10.706	10.137	768.78	143.81	0.97580	0.029726	0.058037	vapor
144.00	50.785	0.69944	1.4297	1.0518	1.1186	9.2196	9.3203	417.78	152.29	0.62853	0.041918	0.068955	liquid
144.00	50.833	0.70767	1.4131	1.0464	1.1125	9.1767	9.1962	322.83	155.00	0.61077	0.042449	0.065777	liquid
144.00	51.000	0.72620	1.3770	1.0342	1.0988	9.0807	undefined	undefined	undefined	undefined	0.043661	undefined	liquid
144.00	51.167	0.73860	1.3539	1.0261	1.0898	9.0166	8.7237	155.31	167.41	0.54039	0.044528	0.058986	liquid
144.00	51.333	0.74821	1.3365	1.0198	1.0829	8.9670	8.5779	130.16	171.97	0.51788	0.045216	0.057776	liquid
144.00	51.500	0.75617	1.3225	1.0145	1.0772	8.9258	8.4586	113.92	176.01	0.49922	0.045797	0.056970	liquid
144.00	51.667	0.76302	1.3106	1.0100	1.0723	8.8904	8.3572	102.42	179.65	0.48319	0.046304	0.056396	liquid
144.00	51.833	0.76907	1.3003	1.0059	1.0679	8.8590	8.2688	93.776	183.01	0.46913	0.046757	0.055969	liquid
144.00	52.000	0.77451	1.2911	1.0023	1.0641	8.8307	8.1906	86.998	186.13	0.45657	0.047169	0.055643	liquid
144.00	52.167	0.77946	1.2829	0.99898	1.0606	8.8050	8.1203	81.513	189.05	0.44523	0.047548	0.055391	liquid
144.00	52.333	0.78402	1.2755	0.99592	1.0573	8.7812	8.0566	76.966	191.81	0.43489	0.047900	0.055193	liquid
144.00	52.500	0.78825	1.2686	0.99307	1.0544	8.7591	7.9982	73.125	194.43	0.42537	0.048229	0.055037	liquid
144.00	52.667	0.79220	1.2623	0.99040	1.0516	8.7384	7.9445	69.827	196.93	0.41657	0.048538	0.054914	liquid
144.00	52.833	0.79592	1.2564	0.98788	1.0490	8.7190	7.8947	66.958	199.32	0.40837	0.048830	0.054818	liquid
144.00	53.000	0.79942	1.2509	0.98549	1.0465	8.7005	7.8484	64.436	201.62	0.40071	0.049108	0.054744	liquid
144.00	53.167	0.80275	1.2457	0.98323	1.0442	8.6831	7.8050	62.197	203.83	0.39351	0.049373	0.054688	liquid
144.00	53.333	0.80591	1.2408	0.98107	1.0420	8.6664	7.7644	60.194	205.95	0.38673	0.049627	0.054647	liquid
144.00	53.500	0.80892	1.2362	0.97900	1.0399	8.6505	7.7261	58.388	208.01	0.38032	0.049870	0.054618	liquid
144.00	53.667	0.81181	1.2318	0.97702	1.0378	8.6352	7.6899	56.750	210.00	0.37424	0.050103	0.054600	liquid
144.00	53.833	0.81458	1.2276	0.97511	1.0359	8.6205	7.6557	55.256	211.93	0.36847	0.050328	0.054591	liquid
144.00	54.000	0.81724	1.2236	0.97327	1.0341	8.6064	7.6232	53.887	213.81	0.36296	0.050546	0.054590	liquid
144.00	54.167	0.81981	1.2198	0.97150	1.0323	8.5927	7.5923	52.626	215.63	0.35771	0.050756	0.054596	liquid
144.00	54.333	0.82228	1.2161	0.96979	1.0306	8.5795	7.5629	51.460	217.41	0.35269	0.050960	0.054607	liquid
144.00	54.500	0.82467	1.2126	0.96812	1.0289	8.5668	7.5349	50.379	219.13	0.34787	0.051157	0.054624	liquid
144.00	54.667	0.82698	1.2092	0.96651	1.0273	8.5544	7.5080	49.372	220.82	0.34325	0.051349	0.054645	liquid
144.00	54.833	0.82923	1.2059	0.96495	1.0258	8.5424	7.4823	48.431	222.47	0.33881	0.051536	0.054670	liquid
144.00	55.000	0.83140	1.2028	0.96343	1.0243	8.5307	7.4577	47.551	224.08	0.33454	0.051717	0.054698	liquid
144.00	55.167	0.83352	1.1997	0.96195	1.0228	8.5194	7.4341	46.724	225.65	0.33042	0.051895	0.054729	liquid
144.00	55.333	0.83557	1.1968	0.96050	1.0214	8.5083	7.4114	45.946	227.19	0.32645	0.052067	0.054763	liquid
144.00	55.500	0.83758	1.1939	0.95910	1.0201	8.4975	7.3895	45.211	228.70	0.32261	0.052236	0.054798	liquid
144.00	55.667	0.83953	1.1911	0.95772	1.0187	8.4870	7.3685	44.517	230.18	0.31890	0.052401	0.054836	liquid
144.00	55.833	0.84143	1.1885	0.95638	1.0174	8.4767	7.3482	43.860	231.63	0.31531	0.052562	0.054876	liquid
144.00	56.000	0.84328	1.1858	0.95507	1.0162	8.4667	7.3287	43.236	233.05	0.31183	0.052720	0.054918	liquid
144.00	56.167	0.84510	1.1833	0.95379	1.0149	8.4569	7.3098	42.644	234.44	0.30846	0.052875	0.054960	liquid
144.00	56.333	0.84687	1.1808	0.95253	1.0137	8.4472	7.2915	42.079	235.81	0.30519	0.053027	0.055004	liquid
144.00	56.500	0.84860	1.1784	0.95130	1.0126	8.4378	7.2739	41.541	237.16	0.30201	0.053175	0.055049	liquid
144.00	56.667	0.85030	1.1761	0.95009	1.0114	8.4286	7.2568	41.028	238.48	0.29892	0.053321	0.055095	liquid
144.00	56.833	0.85196	1.1738	0.94891	1.0103	8.4196	7.2402	40.537	239.78	0.29592	0.053465	0.055142	liquid
144.00	57.000	0.85359	1.1715	0.94775	1.0092	8.4107	7.2242	40.067	241.06	0.29300	0.053605	0.055189	liquid
144.00	57.167	0.85519	1.1693	0.94661	1.0081	8.4020	7.2087	39.616	242.32	0.29015	0.053744	0.055238	liquid
144.00	57.333	0.85675	1.1672	0.94549	1.0071	8.3934	7.1936	39.184	243.56	0.28738	0.053879	0.055286	liquid
144.00	57.500	0.85829	1.1651	0.94439	1.0060	8.3850	7.1790	38.769	244.78	0.28468	0.054013	0.055335	liquid
144.00	57.667	0.85979	1.1631	0.94331	1.0050	8.3767	7.1647	38.370	245.99	0.28204	0.054145	0.055385	liquid
144.00	57.833	0.86128	1.1611	0.94224	1.0040	8.3686	7.1509	37.985	247.17	0.27947	0.054274	0.055435	liquid
144.00	58.000	0.86273	1.1591	0.94119	1.0031	8.3606	7.1375	37.615	248.34	0.27695	0.054402	0.055485	liquid
144.00	58.167	0.86416	1.1572	0.94016	1.0021	8.3527	7.1244	37.259	249.49	0.27450	0.054528	0.055536	liquid
144.00	58.333	0.86557	1.1553	0.93915	1.0012	8.3450	7.1117	36.914	250.63	0.27210	0.054651	0.055586	liquid
144.00	58.500	0.86695	1.1535	0.93815	1.0002	8.3373	7.0993	36.582	251.75	0.26975	0.054773	0.055637	liquid
144.00	58.667	0.86832	1.1517	0.93716	0.99933	8.3298	7.0873	36.261	252.85	0.26746	0.054894	0.055688	liquid
144.00	58.833	0.86966	1.1499	0.93619	0.99844	8.3224	7.0755	35.950	253.95	0.26521	0.055013	0.055740	liquid
144.00	59.000	0.87098	1.1481	0.93524	0.99757	8.3151	7.0641	35.649	255.02	0.26301	0.055130	0.055791	liquid
144.00	59.167	0.87228	1.1464	0.93429	0.99671	8.3079	7.0529	35.358	256.09	0.26086	0.055245	0.055842	liquid
144.00	59.333	0.87356	1.1447	0.93336	0.99586	8.3008	7.0421	35.075	257.14	0.25875	0.055359	0.055893	liquid
144.00	59.500	0.87482	1.1431	0.93244	0.99503	8.2938	7.0314	34.802	258.18	0.25668	0.055472	0.055945	liquid
144.00	59.667	0.87607	1.1415	0.93153	0.99421	8.2869	7.0211	34.536	259.20	0.25466	0.055583	0.055996	liquid
144.00	59.833	0.87730	1.1399	0.93064	0.99340	8.2801	7.0110	34.278	260.22	0.25267	0.055693	0.056047	liquid
144.00	60.000	0.87851	1.1383	0.92976	0.99260	8.2733	7.0011	34.027	261.22	0.25072	0.055802	0.056098	liquid
144.00	60.167	0.87970	1.1367	0.92888	0.99182	8.2667	6.9914	33.784	262.21	0.24880	0.055909	0.056150	liquid
144.00	60.333	0.88088	1.1352	0.92802	0.99105	8.2601	6.9820	33.547	263.19	0.24692	0.056016	0.056201	liquid
144.00	60.500	0.88204	1.1337	0.92717	0.99028	8.2536	6.9728	33.317	264.16	0.24508	0.056121	0.056252	liquid
144.00	60.667	0.88319	1.1323	0.92633	0.98953	8.2472	6.9638	33.092	265.11	0.24327	0.056224	0.056303	liquid
144.00	60.833	0.88433	1.1308	0.92549	0.98879	8.2408	6.9550	32.874	266.06	0.24149	0.056327	0.056353	liquid
144.00	61.000	0.88545	1.1294	0.92467	0.98806	8.2346	6.9464	32.661	267.00	0.23974	0.056429	0.056404	liquid
144.00	61.167	0.88656	1.1280	0.92386	0.98734	8.2283	6.9379	32.453	267.93	0.23802	0.056529	0.056455	liquid
144.00	61.333	0.88765	1.1266	0.92305	0.98663	8.2222	6.9297	32.251	268.85	0.23632	0.056629	0.056505	liquid
144.00	61.500	0.88873	1.1252	0.92225	0.98593	8.2161	6.9216	32.054	269.76	0.23466	0.056727	0.056555	liquid
144.00	61.667	0.88980	1.1238	0.92147	0.98524	8.2101	6.9137	31.861	270.66	0.23303	0.056825	0.056605	liquid
144.00	61.833	0.89086	1.1225	0.92069	0.98456	8.2042	6.9059	31.673	271.55	0.23142	0.056921	0.056655	liquid
144.00	62.000	0.89190	1.1212	0.91992	0.98388	8.1983	6.8984	31.489	272.43	0.22983	0.057017	0.056705	liquid
144.00	62.167	0.89293	1.1199	0.91915	0.98322	8.1925	6.8909	31.310	273.31	0.22827	0.057112	0.056755	liquid
144.00	62.333	0.89395	1.1186	0.91840	0.98256	8.1868	6.8837	31.134	274.17	0.22674	0.057205	0.056805	liquid
144.00	62.500	0.89497	1.1174	0.91765	0.98191	8.1810	6.8765	30.963	275.03	0.22523	0.057298	0.056854	liquid
144.00	62.667	0.89597	1.1161	0.91691	0.98127	8.1754	6.8695	30.795	275.88	0.22374	0.057390	0.056903	liquid
144.00	62.833	0.89695	1.1149	0.91617	0.98063	8.1698	6.8627	30.631	276.72	0.22227	0.057482	0.056952	liquid
144.00	63.000	0.89793	1.1137	0.91545	0.98001	8.1643	6.8560	30.470	277.56	0.22083	0.057572	0.057001	liquid
144.00	63.167	0.89890	1.1125	0.91472	0.97939	8.1588	6.8494	30.313	278.38	0.21940	0.057662	0.057050	liquid
144.00	63.333	0.89986	1.1113	0.91401	0.97877	8.1533	6.8429	30.159	279.20	0.21800	0.057751	0.057098	liquid
144.00	63.500	0.90081	1.1101	0.91330	0.97817	8.1480	6.8366	30.008	280.02	0.21661	0.057839	0.057147	liquid
144.00	63.667	0.90175	1.1090	0.91260	0.97757	8.1426	6.8303	29.861	280.82	0.21525	0.057926	0.057195	liquid
144.00	63.833	0.90269	1.1078	0.91191	0.97698	8.1373	6.8242	29.716	281.62	0.21390	0.058013	0.057243	liquid
144.00	64.000	0.90361	1.1067	0.91122	0.97639	8.1321	6.8182	29.574	282.41	0.21258	0.058099	0.057290	liquid
144.00	64.167	0.90452	1.1056	0.91054	0.97581	8.1269	6.8124	29.435	283.20	0.21127	0.058184	0.057338	liquid
144.00	64.333	0.90543	1.1045	0.90986	0.97524	8.1217	6.8066	29.298	283.98	0.20998	0.058269	0.057386	liquid
144.00	64.500	0.90633	1.1034	0.90919	0.97467	8.1166	6.8009	29.164	284.75	0.20870	0.058353	0.057433	liquid
144.00	64.667	0.90721	1.1023	0.90852	0.97411	8.1116	6.7953	29.033	285.52	0.20744	0.058436	0.057480	liquid
144.00	64.833	0.90810	1.1012	0.90786	0.97356	8.1065	6.7899	28.904	286.28	0.20620	0.058519	0.057527	liquid
144.00	65.000	0.90897	1.1001	0.90721	0.97301	8.1015	6.7845	28.777	287.04	0.20498	0.058601	0.057574	liquid
144.00	65.167	0.90983	1.0991	0.90656	0.97247	8.0966	6.7792	28.653	287.78	0.20377	0.058682	0.057620	liquid
144.00	65.333	0.91069	1.0981	0.90592	0.97193	8.0917	6.7740	28.531	288.53	0.20257	0.058763	0.057666	liquid
144.00	65.500	0.91154	1.0970	0.90528	0.97140	8.0868	6.7689	28.411	289.27	0.20139	0.058843	0.057713	liquid
144.00	65.667	0.91239	1.0960	0.90464	0.97087	8.0820	6.7639	28.293	290.00	0.20023	0.058923	0.057759	liquid
144.00	65.833	0.91322	1.0950	0.90401	0.97035	8.0772	6.7590	28.177	290.72	0.19908	0.059002	0.057804	liquid
144.00	66.000	0.91405	1.0940	0.90339	0.96983	8.0725	6.7542	28.063	291.45	0.19794	0.059080	0.057850	liquid
144.00	66.167	0.91488	1.0930	0.90277	0.96932	8.0677	6.7494	27.951	292.16	0.19682	0.059158	0.057896	liquid
144.00	66.333	0.91569	1.0921	0.90215	0.96881	8.0631	6.7447	27.841	292.87	0.19570	0.059236	0.057941	liquid
144.00	66.500	0.91650	1.0911	0.90154	0.96831	8.0584	6.7401	27.733	293.58	0.19461	0.059313	0.057986	liquid
144.00	66.667	0.91730	1.0902	0.90094	0.96781	8.0538	6.7356	27.626	294.28	0.19352	0.059389	0.058031	liquid
144.00	66.833	0.91810	1.0892	0.90034	0.96732	8.0492	6.7312	27.521	294.97	0.19245	0.059465	0.058076	liquid
144.00	67.000	0.91889	1.0883	0.89974	0.96683	8.0447	6.7268	27.418	295.67	0.19139	0.059540	0.058120	liquid
144.00	67.167	0.91968	1.0873	0.89914	0.96635	8.0401	6.7225	27.317	296.35	0.19034	0.059615	0.058165	liquid
144.00	67.333	0.92045	1.0864	0.89856	0.96587	8.0357	6.7182	27.217	297.03	0.18930	0.059690	0.058209	liquid
144.00	67.500	0.92123	1.0855	0.89797	0.96539	8.0312	6.7141	27.118	297.71	0.18828	0.059764	0.058253	liquid
144.00	67.667	0.92199	1.0846	0.89739	0.96492	8.0268	6.7100	27.021	298.38	0.18727	0.059837	0.058297	liquid
144.00	67.833	0.92275	1.0837	0.89681	0.96446	8.0224	6.7060	26.926	299.05	0.18626	0.059910	0.058341	liquid
144.00	68.000	0.92351	1.0828	0.89624	0.96399	8.0180	6.7020	26.832	299.71	0.18527	0.059983	0.058384	liquid
144.00	68.167	0.92426	1.0819	0.89567	0.96354	8.0137	6.6981	26.739	300.37	0.18429	0.060055	0.058427	liquid
144.00	68.333	0.92500	1.0811	0.89511	0.96308	8.0094	6.6942	26.648	301.03	0.18332	0.060126	0.058471	liquid
144.00	68.500	0.92574	1.0802	0.89454	0.96263	8.0051	6.6904	26.558	301.68	0.18236	0.060198	0.058514	liquid
144.00	68.667	0.92648	1.0794	0.89399	0.96219	8.0008	6.6867	26.470	302.32	0.18141	0.060268	0.058557	liquid
144.00	68.833	0.92721	1.0785	0.89343	0.96174	7.9966	6.6830	26.382	302.97	0.18046	0.060339	0.058599	liquid
144.00	69.000	0.92793	1.0777	0.89288	0.96130	7.9924	6.6794	26.296	303.61	0.17953	0.060409	0.058642	liquid
144.00	69.167	0.92865	1.0768	0.89233	0.96087	7.9883	6.6759	26.211	304.24	0.17861	0.060478	0.058684	liquid
144.00	69.333	0.92936	1.0760	0.89179	0.96044	7.9841	6.6724	26.128	304.87	0.17770	0.060547	0.058727	liquid
144.00	69.500	0.93007	1.0752	0.89125	0.96001	7.9800	6.6689	26.045	305.50	0.17679	0.060616	0.058769	liquid
144.00	69.667	0.93078	1.0744	0.89071	0.95958	7.9759	6.6655	25.964	306.12	0.17590	0.060685	0.058811	liquid
144.00	69.833	0.93148	1.0736	0.89018	0.95916	7.9718	6.6622	25.883	306.74	0.17501	0.060753	0.058852	liquid
144.00	70.000	0.93217	1.0728	0.88965	0.95874	7.9678	6.6589	25.804	307.35	0.17414	0.060820	0.058894	liquid
144.00	70.167	0.93286	1.0720	0.88912	0.95833	7.9638	6.6556	25.726	307.97	0.17327	0.060888	0.058936	liquid
144.00	70.333	0.93355	1.0712	0.88859	0.95792	7.9598	6.6524	25.649	308.58	0.17241	0.060955	0.058977	liquid
144.00	70.500	0.93423	1.0704	0.88807	0.95751	7.9558	6.6493	25.572	309.18	0.17155	0.061021	0.059018	liquid
144.00	70.667	0.93491	1.0696	0.88755	0.95711	7.9519	6.6462	25.497	309.78	0.17071	0.061087	0.059059	liquid
144.00	70.833	0.93558	1.0689	0.88704	0.95671	7.9479	6.6431	25.423	310.38	0.16987	0.061153	0.059100	liquid
144.00	71.000	0.93625	1.0681	0.88653	0.95631	7.9440	6.6401	25.350	310.97	0.16904	0.061219	0.059141	liquid
144.00	71.167	0.93691	1.0673	0.88602	0.95591	7.9401	6.6371	25.277	311.56	0.16822	0.061284	0.059181	liquid
144.00	71.333	0.93757	1.0666	0.88551	0.95552	7.9363	6.6342	25.206	312.15	0.16741	0.061349	0.059222	liquid
144.00	71.500	0.93823	1.0658	0.88501	0.95513	7.9324	6.6313	25.135	312.74	0.16660	0.061413	0.059262	liquid
144.00	71.667	0.93888	1.0651	0.88451	0.95474	7.9286	6.6285	25.066	313.32	0.16580	0.061477	0.059302	liquid
144.00	71.833	0.93953	1.0644	0.88401	0.95436	7.9248	6.6256	24.997	313.90	0.16501	0.061541	0.059342	liquid
144.00	72.000	0.94017	1.0636	0.88351	0.95398	7.9211	6.6229	24.929	314.47	0.16423	0.061605	0.059382	liquid
144.00	72.167	0.94082	1.0629	0.88302	0.95360	7.9173	6.6202	24.862	315.04	0.16345	0.061668	0.059422	liquid
144.00	72.333	0.94145	1.0622	0.88253	0.95323	7.9136	6.6175	24.795	315.61	0.16268	0.061731	0.059461	liquid
144.00	72.500	0.94209	1.0615	0.88204	0.95286	7.9098	6.6148	24.730	316.18	0.16192	0.061794	0.059501	liquid
144.00	72.667	0.94272	1.0608	0.88156	0.95249	7.9062	6.6122	24.665	316.74	0.16116	0.061856	0.059540	liquid
144.00	72.833	0.94334	1.0601	0.88107	0.95212	7.9025	6.6096	24.601	317.30	0.16041	0.061918	0.059579	liquid
144.00	73.000	0.94396	1.0594	0.88059	0.95176	7.8988	6.6071	24.538	317.86	0.15966	0.061980	0.059618	liquid
144.00	73.167	0.94458	1.0587	0.88012	0.95139	7.8952	6.6046	24.475	318.41	0.15892	0.062041	0.059657	liquid
144.00	73.333	0.94520	1.0580	0.87964	0.95104	7.8916	6.6021	24.413	318.97	0.15819	0.062102	0.059696	liquid
144.00	73.500	0.94581	1.0573	0.87917	0.95068	7.8880	6.5997	24.352	319.51	0.15747	0.062163	0.059734	liquid
144.00	73.667	0.94642	1.0566	0.87870	0.95033	7.8844	6.5973	24.291	320.06	0.15675	0.062224	0.059773	liquid
144.00	73.833	0.94702	1.0559	0.87823	0.94997	7.8808	6.5949	24.232	320.60	0.15603	0.062284	0.059811	liquid
144.00	74.000	0.94763	1.0553	0.87777	0.94962	7.8773	6.5925	24.172	321.14	0.15532	0.062344	0.059849	liquid
144.00	74.167	0.94823	1.0546	0.87731	0.94928	7.8737	6.5902	24.114	321.68	0.15462	0.062404	0.059887	liquid
144.00	74.333	0.94882	1.0539	0.87685	0.94893	7.8702	6.5880	24.056	322.22	0.15392	0.062464	0.059925	liquid
144.00	74.500	0.94941	1.0533	0.87639	0.94859	7.8667	6.5857	23.999	322.75	0.15323	0.062523	0.059963	liquid
144.00	74.667	0.95000	1.0526	0.87593	0.94825	7.8633	6.5835	23.942	323.28	0.15255	0.062582	0.060001	liquid
144.00	74.833	0.95059	1.0520	0.87548	0.94792	7.8598	6.5813	23.886	323.81	0.15187	0.062641	0.060039	liquid
144.00	75.000	0.95117	1.0513	0.87503	0.94758	7.8563	6.5792	23.831	324.33	0.15119	0.062699	0.060076	liquid
144.00	75.167	0.95175	1.0507	0.87458	0.94725	7.8529	6.5770	23.776	324.86	0.15052	0.062757	0.060113	liquid
144.00	75.333	0.95233	1.0501	0.87413	0.94692	7.8495	6.5749	23.721	325.38	0.14986	0.062815	0.060151	liquid
144.00	75.500	0.95290	1.0494	0.87368	0.94659	7.8461	6.5729	23.668	325.89	0.14920	0.062873	0.060188	liquid
144.00	75.667	0.95347	1.0488	0.87324	0.94626	7.8427	6.5708	23.615	326.41	0.14854	0.062931	0.060225	liquid
144.00	75.833	0.95404	1.0482	0.87280	0.94594	7.8394	6.5688	23.562	326.92	0.14789	0.062988	0.060262	liquid
144.00	76.000	0.95461	1.0476	0.87236	0.94562	7.8360	6.5668	23.510	327.43	0.14725	0.063045	0.060298	liquid
144.00	76.167	0.95517	1.0469	0.87192	0.94530	7.8327	6.5648	23.458	327.94	0.14661	0.063102	0.060335	liquid
144.00	76.333	0.95573	1.0463	0.87149	0.94498	7.8294	6.5629	23.407	328.45	0.14598	0.063158	0.060372	liquid
144.00	76.500	0.95629	1.0457	0.87106	0.94467	7.8261	6.5610	23.357	328.95	0.14535	0.063215	0.060408	liquid
144.00	76.667	0.95684	1.0451	0.87062	0.94435	7.8228	6.5591	23.307	329.45	0.14472	0.063271	0.060444	liquid
144.00	76.833	0.95739	1.0445	0.87020	0.94404	7.8195	6.5572	23.257	329.95	0.14410	0.063327	0.060481	liquid
144.00	77.000	0.95794	1.0439	0.86977	0.94373	7.8162	6.5554	23.208	330.45	0.14348	0.063382	0.060517	liquid
144.00	77.167	0.95849	1.0433	0.86934	0.94343	7.8130	6.5536	23.159	330.94	0.14287	0.063438	0.060553	liquid
144.00	77.333	0.95903	1.0427	0.86892	0.94312	7.8098	6.5518	23.111	331.44	0.14226	0.063493	0.060588	liquid
144.00	77.500	0.95957	1.0421	0.86850	0.94282	7.8065	6.5500	23.064	331.93	0.14166	0.063548	0.060624	liquid
144.00	77.667	0.96011	1.0415	0.86808	0.94252	7.8033	6.5482	23.016	332.42	0.14106	0.063603	0.060660	liquid
144.00	77.833	0.96065	1.0410	0.86766	0.94222	7.8001	6.5465	22.970	332.90	0.14047	0.063658	0.060695	liquid
144.00	78.000	0.96118	1.0404	0.86725	0.94192	7.7970	6.5448	22.923	333.39	0.13988	0.063712	0.060731	liquid
144.00	78.167	0.96171	1.0398	0.86683	0.94162	7.7938	6.5431	22.877	333.87	0.13929	0.063766	0.060766	liquid
144.00	78.333	0.96224	1.0392	0.86642	0.94133	7.7907	6.5415	22.832	334.35	0.13871	0.063820	0.060801	liquid
144.00	78.500	0.96277	1.0387	0.86601	0.94104	7.7875	6.5398	22.787	334.83	0.13813	0.063874	0.060836	liquid
144.00	78.667	0.96329	1.0381	0.86560	0.94075	7.7844	6.5382	22.742	335.31	0.13756	0.063928	0.060871	liquid
144.00	78.833	0.96381	1.0375	0.86519	0.94046	7.7813	6.5366	22.698	335.78	0.13699	0.063981	0.060906	liquid
144.00	79.000	0.96433	1.0370	0.86479	0.94017	7.7782	6.5350	22.654	336.25	0.13642	0.064034	0.060941	liquid
144.00	79.167	0.96485	1.0364	0.86438	0.93988	7.7751	6.5335	22.611	336.72	0.13586	0.064087	0.060976	liquid
144.00	79.333	0.96536	1.0359	0.86398	0.93960	7.7720	6.5319	22.568	337.19	0.13530	0.064140	0.061010	liquid
144.00	79.500	0.96587	1.0353	0.86358	0.93932	7.7690	6.5304	22.525	337.66	0.13475	0.064193	0.061045	liquid
144.00	79.667	0.96638	1.0348	0.86318	0.93904	7.7659	6.5289	22.483	338.12	0.13420	0.064245	0.061079	liquid
144.00	79.833	0.96689	1.0342	0.86278	0.93876	7.7629	6.5274	22.441	338.59	0.13365	0.064298	0.061113	liquid
144.00	80.000	0.96739	1.0337	0.86239	0.93848	7.7599	6.5259	22.399	339.05	0.13311	0.064350	0.061148	liquid
144.00	80.167	0.96790	1.0332	0.86199	0.93821	7.7568	6.5245	22.358	339.51	0.13257	0.064402	0.061182	liquid
144.00	80.333	0.96840	1.0326	0.86160	0.93793	7.7538	6.5231	22.317	339.97	0.13203	0.064453	0.061216	liquid
144.00	80.500	0.96890	1.0321	0.86121	0.93766	7.7509	6.5217	22.277	340.42	0.13150	0.064505	0.061250	liquid
144.00	80.667	0.96939	1.0316	0.86082	0.93739	7.7479	6.5203	22.237	340.88	0.13097	0.064556	0.061283	liquid
144.00	80.833	0.96989	1.0310	0.86043	0.93712	7.7449	6.5189	22.197	341.33	0.13044	0.064607	0.061317	liquid
144.00	81.000	0.97038	1.0305	0.86005	0.93686	7.7420	6.5175	22.158	341.78	0.12992	0.064658	0.061351	liquid
144.00	81.167	0.97087	1.0300	0.85966	0.93659	7.7390	6.5162	22.119	342.23	0.12940	0.064709	0.061384	liquid
144.00	81.333	0.97136	1.0295	0.85928	0.93633	7.7361	6.5148	22.080	342.68	0.12889	0.064760	0.061418	liquid
144.00	81.500	0.97185	1.0290	0.85890	0.93606	7.7332	6.5135	22.041	343.12	0.12837	0.064810	0.061451	liquid
144.00	81.667	0.97233	1.0285	0.85851	0.93580	7.7303	6.5122	22.003	343.57	0.12786	0.064861	0.061484	liquid
144.00	81.833	0.97281	1.0279	0.85814	0.93554	7.7274	6.5110	21.965	344.01	0.12736	0.064911	0.061517	liquid
144.00	82.000	0.97329	1.0274	0.85776	0.93528	7.7245	6.5097	21.928	344.45	0.12686	0.064961	0.061551	liquid
144.00	82.167	0.97377	1.0269	0.85738	0.93503	7.7216	6.5084	21.891	344.89	0.12636	0.065011	0.061583	liquid
144.00	82.333	0.97425	1.0264	0.85701	0.93477	7.7187	6.5072	21.854	345.33	0.12586	0.065061	0.061616	liquid
144.00	82.500	0.97472	1.0259	0.85663	0.93452	7.7159	6.5060	21.817	345.76	0.12536	0.065110	0.061649	liquid
144.00	82.667	0.97520	1.0254	0.85626	0.93426	7.7130	6.5048	21.781	346.20	0.12487	0.065160	0.061682	liquid
144.00	82.833	0.97567	1.0249	0.85589	0.93401	7.7102	6.5036	21.745	346.63	0.12439	0.065209	0.061715	liquid
144.00	83.000	0.97614	1.0244	0.85552	0.93376	7.7074	6.5024	21.709	347.06	0.12390	0.065258	0.061747	liquid
144.00	83.167	0.97660	1.0240	0.85515	0.93352	7.7045	6.5012	21.674	347.49	0.12342	0.065307	0.061779	liquid
144.00	83.333	0.97707	1.0235	0.85479	0.93327	7.7017	6.5001	21.638	347.92	0.12294	0.065356	0.061812	liquid
144.00	83.500	0.97753	1.0230	0.85442	0.93302	7.6989	6.4990	21.604	348.35	0.12247	0.065404	0.061844	liquid
144.00	83.667	0.97799	1.0225	0.85406	0.93278	7.6962	6.4978	21.569	348.77	0.12199	0.065453	0.061876	liquid
144.00	83.833	0.97845	1.0220	0.85369	0.93254	7.6934	6.4967	21.535	349.20	0.12152	0.065501	0.061908	liquid
144.00	84.000	0.97891	1.0215	0.85333	0.93229	7.6906	6.4956	21.500	349.62	0.12105	0.065549	0.061940	liquid
144.00	84.167	0.97937	1.0211	0.85297	0.93205	7.6879	6.4946	21.467	350.04	0.12059	0.065597	0.061972	liquid
144.00	84.333	0.97982	1.0206	0.85261	0.93181	7.6851	6.4935	21.433	350.46	0.12013	0.065645	0.062004	liquid
144.00	84.500	0.98028	1.0201	0.85226	0.93158	7.6824	6.4924	21.400	350.88	0.11967	0.065693	0.062036	liquid
144.00	84.667	0.98073	1.0197	0.85190	0.93134	7.6796	6.4914	21.367	351.30	0.11921	0.065740	0.062068	liquid
144.00	84.833	0.98118	1.0192	0.85155	0.93110	7.6769	6.4904	21.334	351.71	0.11876	0.065788	0.062099	liquid
144.00	85.000	0.98162	1.0187	0.85119	0.93087	7.6742	6.4893	21.301	352.13	0.11831	0.065835	0.062131	liquid
144.00	85.167	0.98207	1.0183	0.85084	0.93064	7.6715	6.4883	21.269	352.54	0.11786	0.065882	0.062162	liquid
144.00	85.333	0.98252	1.0178	0.85049	0.93041	7.6688	6.4873	21.237	352.95	0.11741	0.065930	0.062194	liquid
144.00	85.500	0.98296	1.0173	0.85014	0.93018	7.6661	6.4863	21.205	353.36	0.11697	0.065976	0.062225	liquid
144.00	85.667	0.98340	1.0169	0.84979	0.92995	7.6635	6.4854	21.173	353.77	0.11652	0.066023	0.062256	liquid
144.00	85.833	0.98384	1.0164	0.84944	0.92972	7.6608	6.4844	21.142	354.18	0.11609	0.066070	0.062288	liquid
144.00	86.000	0.98428	1.0160	0.84909	0.92949	7.6581	6.4835	21.111	354.58	0.11565	0.066116	0.062319	liquid
144.00	86.167	0.98471	1.0155	0.84875	0.92927	7.6555	6.4825	21.080	354.99	0.11522	0.066163	0.062350	liquid
144.00	86.333	0.98515	1.0151	0.84840	0.92904	7.6529	6.4816	21.049	355.39	0.11478	0.066209	0.062381	liquid
144.00	86.500	0.98558	1.0146	0.84806	0.92882	7.6502	6.4807	21.019	355.79	0.11435	0.066255	0.062411	liquid
144.00	86.667	0.98601	1.0142	0.84772	0.92860	7.6476	6.4798	20.988	356.20	0.11393	0.066301	0.062442	liquid
144.00	86.833	0.98645	1.0137	0.84738	0.92838	7.6450	6.4789	20.958	356.60	0.11350	0.066347	0.062473	liquid
144.00	87.000	0.98687	1.0133	0.84704	0.92816	7.6424	6.4780	20.928	356.99	0.11308	0.066393	0.062503	liquid
144.00	87.167	0.98730	1.0129	0.84670	0.92794	7.6398	6.4771	20.899	357.39	0.11266	0.066438	0.062534	liquid
144.00	87.333	0.98773	1.0124	0.84636	0.92772	7.6372	6.4762	20.869	357.79	0.11224	0.066484	0.062565	liquid
144.00	87.500	0.98815	1.0120	0.84602	0.92751	7.6346	6.4754	20.840	358.18	0.11183	0.066529	0.062595	liquid
144.00	87.667	0.98857	1.0116	0.84569	0.92729	7.6320	6.4745	20.811	358.58	0.11142	0.066574	0.062625	liquid
144.00	87.833	0.98900	1.0111	0.84535	0.92708	7.6295	6.4737	20.782	358.97	0.11100	0.066620	0.062656	liquid
144.00	88.000	0.98942	1.0107	0.84502	0.92686	7.6269	6.4729	20.754	359.36	0.11060	0.066665	0.062686	liquid
144.00	88.167	0.98983	1.0103	0.84469	0.92665	7.6244	6.4721	20.725	359.75	0.11019	0.066709	0.062716	liquid
144.00	88.333	0.99025	1.0098	0.84436	0.92644	7.6218	6.4712	20.697	360.14	0.10979	0.066754	0.062746	liquid
144.00	88.500	0.99067	1.0094	0.84403	0.92623	7.6193	6.4704	20.669	360.53	0.10938	0.066799	0.062776	liquid
144.00	88.667	0.99108	1.0090	0.84370	0.92602	7.6168	6.4697	20.641	360.91	0.10898	0.066843	0.062806	liquid
144.00	88.833	0.99149	1.0086	0.84337	0.92581	7.6143	6.4689	20.613	361.30	0.10858	0.066888	0.062836	liquid
144.00	89.000	0.99191	1.0082	0.84304	0.92561	7.6118	6.4681	20.586	361.68	0.10819	0.066932	0.062865	liquid
144.00	89.167	0.99232	1.0077	0.84272	0.92540	7.6093	6.4673	20.559	362.07	0.10780	0.066976	0.062895	liquid
144.00	89.333	0.99273	1.0073	0.84239	0.92520	7.6068	6.4666	20.532	362.45	0.10740	0.067020	0.062925	liquid
144.00	89.500	0.99313	1.0069	0.84207	0.92499	7.6043	6.4658	20.505	362.83	0.10701	0.067064	0.062954	liquid
144.00	89.667	0.99354	1.0065	0.84174	0.92479	7.6018	6.4651	20.478	363.21	0.10663	0.067108	0.062984	liquid
144.00	89.833	0.99394	1.0061	0.84142	0.92459	7.5993	6.4644	20.451	363.59	0.10624	0.067152	0.063013	liquid
144.00	90.000	0.99435	1.0057	0.84110	0.92439	7.5969	6.4637	20.425	363.96	0.10586	0.067196	0.063043	liquid
144.00	90.167	0.99475	1.0053	0.84078	0.92419	7.5944	6.4629	20.399	364.34	0.10547	0.067239	0.063072	liquid
144.00	90.333	0.99515	1.0049	0.84046	0.92399	7.5919	6.4622	20.373	364.72	0.10509	0.067282	0.063101	liquid
144.00	90.500	0.99555	1.0045	0.84014	0.92379	7.5895	6.4615	20.347	365.09	0.10472	0.067326	0.063130	liquid
144.00	90.667	0.99595	1.0041	0.83983	0.92359	7.5871	6.4609	20.321	365.46	0.10434	0.067369	0.063160	liquid
144.00	90.833	0.99635	1.0037	0.83951	0.92340	7.5846	6.4602	20.295	365.84	0.10397	0.067412	0.063189	liquid
144.00	91.000	0.99674	1.0033	0.83919	0.92320	7.5822	6.4595	20.270	366.21	0.10359	0.067455	0.063218	liquid
144.00	91.167	0.99714	1.0029	0.83888	0.92301	7.5798	6.4588	20.245	366.58	0.10322	0.067498	0.063247	liquid
144.00	91.333	0.99753	1.0025	0.83857	0.92282	7.5774	6.4582	20.220	366.95	0.10285	0.067541	0.063275	liquid
144.00	91.500	0.99792	1.0021	0.83825	0.92262	7.5750	6.4575	20.195	367.32	0.10249	0.067583	0.063304	liquid
144.00	91.667	0.99831	1.0017	0.83794	0.92243	7.5726	6.4569	20.170	367.68	0.10212	0.067626	0.063333	liquid
144.00	91.833	0.99870	1.0013	0.83763	0.92224	7.5702	6.4563	20.145	368.05	0.10176	0.067668	0.063362	liquid
144.00	92.000	0.99909	1.0009	0.83732	0.92205	7.5678	6.4556	20.121	368.42	0.10140	0.067711	0.063390	liquid
144.00	92.167	0.99948	1.0005	0.83701	0.92187	7.5655	6.4550	20.097	368.78	0.10104	0.067753	0.063419	liquid
144.00	92.333	0.99986	1.0001	0.83670	0.92168	7.5631	6.4544	20.072	369.14	0.10068	0.067795	0.063447	liquid
144.00	92.500	1.0002	0.99975	0.83640	0.92149	7.5607	6.4538	20.048	369.51	0.10032	0.067837	0.063476	liquid
144.00	92.667	1.0006	0.99937	0.83609	0.92131	7.5584	6.4532	20.024	369.87	0.099967	0.067879	0.063504	liquid
144.00	92.833	1.0010	0.99899	0.83578	0.92112	7.5560	6.4526	20.001	370.23	0.099614	0.067921	0.063532	liquid
144.00	93.000	1.0014	0.99861	0.83548	0.92094	7.5537	6.4520	19.977	370.59	0.099263	0.067963	0.063561	liquid
144.00	93.167	1.0018	0.99823	0.83518	0.92075	7.5513	6.4514	19.954	370.95	0.098913	0.068004	0.063589	liquid
144.00	93.333	1.0022	0.99785	0.83487	0.92057	7.5490	6.4509	19.930	371.30	0.098565	0.068046	0.063617	liquid
144.00	93.500	1.0025	0.99747	0.83457	0.92039	7.5467	6.4503	19.907	371.66	0.098219	0.068088	0.063645	liquid
144.00	93.667	1.0029	0.99710	0.83427	0.92021	7.5444	6.4497	19.884	372.02	0.097874	0.068129	0.063673	liquid
144.00	93.833	1.0033	0.99673	0.83397	0.92003	7.5421	6.4492	19.861	372.37	0.097531	0.068170	0.063701	liquid
144.00	94.000	1.0037	0.99635	0.83367	0.91985	7.5398	6.4486	19.839	372.72	0.097189	0.068211	0.063729	liquid
144.00	94.167	1.0040	0.99598	0.83337	0.91967	7.5375	6.4481	19.816	373.08	0.096849	0.068253	0.063757	liquid
144.00	94.333	1.0044	0.99561	0.83307	0.91949	7.5352	6.4475	19.794	373.43	0.096511	0.068294	0.063785	liquid
144.00	94.500	1.0048	0.99525	0.83277	0.91932	7.5329	6.4470	19.771	373.78	0.096174	0.068335	0.063812	liquid
144.00	94.667	1.0051	0.99488	0.83248	0.91914	7.5306	6.4465	19.749	374.13	0.095839	0.068375	0.063840	liquid
144.00	94.833	1.0055	0.99452	0.83218	0.91897	7.5283	6.4460	19.727	374.48	0.095505	0.068416	0.063868	liquid
144.00	95.000	1.0059	0.99415	0.83189	0.91879	7.5261	6.4455	19.705	374.83	0.095173	0.068457	0.063895	liquid
144.00	95.167	1.0062	0.99379	0.83159	0.91862	7.5238	6.4449	19.683	375.18	0.094842	0.068497	0.063923	liquid
144.00	95.333	1.0066	0.99343	0.83130	0.91845	7.5215	6.4444	19.661	375.53	0.094513	0.068538	0.063950	liquid
144.00	95.500	1.0070	0.99307	0.83101	0.91828	7.5193	6.4440	19.640	375.87	0.094185	0.068578	0.063978	liquid
144.00	95.667	1.0073	0.99271	0.83072	0.91811	7.5171	6.4435	19.618	376.22	0.093859	0.068619	0.064005	liquid
144.00	95.833	1.0077	0.99235	0.83043	0.91794	7.5148	6.4430	19.597	376.56	0.093534	0.068659	0.064032	liquid
144.00	96.000	1.0081	0.99200	0.83014	0.91777	7.5126	6.4425	19.576	376.90	0.093211	0.068699	0.064060	liquid
144.00	96.167	1.0084	0.99164	0.82985	0.91760	7.5104	6.4420	19.555	377.25	0.092889	0.068739	0.064087	liquid
144.00	96.333	1.0088	0.99129	0.82956	0.91743	7.5081	6.4416	19.534	377.59	0.092569	0.068779	0.064114	liquid
144.00	96.500	1.0091	0.99093	0.82927	0.91726	7.5059	6.4411	19.513	377.93	0.092250	0.068819	0.064141	liquid
144.00	96.667	1.0095	0.99058	0.82898	0.91710	7.5037	6.4406	19.492	378.27	0.091932	0.068859	0.064168	liquid
144.00	96.833	1.0099	0.99023	0.82870	0.91693	7.5015	6.4402	19.472	378.61	0.091616	0.068898	0.064195	liquid
144.00	97.000	1.0102	0.98989	0.82841	0.91677	7.4993	6.4397	19.451	378.95	0.091301	0.068938	0.064222	liquid
144.00	97.167	1.0106	0.98954	0.82813	0.91660	7.4971	6.4393	19.431	379.29	0.090988	0.068977	0.064249	liquid
144.00	97.333	1.0109	0.98919	0.82784	0.91644	7.4949	6.4389	19.410	379.62	0.090676	0.069017	0.064276	liquid
144.00	97.500	1.0113	0.98885	0.82756	0.91628	7.4927	6.4384	19.390	379.96	0.090365	0.069056	0.064303	liquid
144.00	97.667	1.0116	0.98850	0.82728	0.91611	7.4906	6.4380	19.370	380.30	0.090056	0.069096	0.064329	liquid
144.00	97.833	1.0120	0.98816	0.82699	0.91595	7.4884	6.4376	19.350	380.63	0.089748	0.069135	0.064356	liquid
144.00	98.000	1.0123	0.98782	0.82671	0.91579	7.4862	6.4371	19.330	380.97	0.089441	0.069174	0.064383	liquid
144.00	98.167	1.0127	0.98748	0.82643	0.91563	7.4841	6.4367	19.311	381.30	0.089136	0.069213	0.064409	liquid
144.00	98.333	1.0130	0.98714	0.82615	0.91547	7.4819	6.4363	19.291	381.63	0.088832	0.069252	0.064436	liquid
144.00	98.500	1.0134	0.98680	0.82587	0.91532	7.4798	6.4359	19.272	381.96	0.088529	0.069291	0.064462	liquid
144.00	98.667	1.0137	0.98646	0.82560	0.91516	7.4776	6.4355	19.252	382.29	0.088228	0.069330	0.064489	liquid
144.00	98.833	1.0141	0.98613	0.82532	0.91500	7.4755	6.4351	19.233	382.62	0.087927	0.069368	0.064515	liquid
144.00	99.000	1.0144	0.98579	0.82504	0.91484	7.4733	6.4347	19.214	382.95	0.087629	0.069407	0.064541	liquid
144.00	99.167	1.0148	0.98546	0.82476	0.91469	7.4712	6.4343	19.195	383.28	0.087331	0.069446	0.064568	liquid
144.00	99.333	1.0151	0.98513	0.82449	0.91453	7.4691	6.4340	19.176	383.61	0.087035	0.069484	0.064594	liquid
144.00	99.500	1.0154	0.98480	0.82421	0.91438	7.4670	6.4336	19.157	383.94	0.086739	0.069523	0.064620	liquid
144.00	99.667	1.0158	0.98447	0.82394	0.91423	7.4648	6.4332	19.138	384.26	0.086445	0.069561	0.064646	liquid
144.00	99.833	1.0161	0.98414	0.82367	0.91407	7.4627	6.4328	19.119	384.59	0.086153	0.069599	0.064672	liquid
144.00	100.00	1.0165	0.98381	0.82339	0.91392	7.4606	6.4325	19.101	384.92	0.085861	0.069638	0.064698	liquid
