Temperature (K)	Pressure (atm)	Density (g/ml)	Volume (ml/g)	Internal Energy (kcal/mol)	Enthalpy (kcal/mol)	Entropy (cal/mol*K)	Cv (cal/mol*K)	Cp (cal/mol*K)	Sound Spd. (m/s)	Joule-Thomson (F/atm)	Viscosity (cP)	Therm. Cond. (W/m*K)	Phase
160.00	0.0000	0.0000	infinite	1.8069	2.1249	-2.3900e+06	5.0137	7.0009	221.11	undefined	0.013319	0.014060	vapor
160.00	0.16667	0.00048271	2071.6	1.8064	2.1241	26.737	5.0169	7.0108	221.02	1.1861	0.013323	0.014075	vapor
160.00	0.33333	0.00096616	1035.0	1.8059	2.1234	25.357	5.0202	7.0207	220.94	1.1860	0.013328	0.014089	vapor
160.00	0.50000	0.0014503	689.49	1.8054	2.1226	24.548	5.0235	7.0306	220.85	1.1860	0.013332	0.014104	vapor
160.00	0.66667	0.0019353	516.73	1.8048	2.1218	23.973	5.0268	7.0406	220.77	1.1859	0.013336	0.014119	vapor
160.00	0.83333	0.0024209	413.06	1.8043	2.1210	23.526	5.0301	7.0506	220.69	1.1859	0.013340	0.014133	vapor
160.00	1.0000	0.0029074	343.96	1.8038	2.1203	23.160	5.0333	7.0607	220.60	1.1859	0.013345	0.014148	vapor
160.00	1.1667	0.0033945	294.59	1.8032	2.1195	22.850	5.0366	7.0707	220.52	1.1858	0.013349	0.014163	vapor
160.00	1.3333	0.0038824	257.57	1.8027	2.1187	22.582	5.0398	7.0808	220.43	1.1858	0.013354	0.014178	vapor
160.00	1.5000	0.0043711	228.77	1.8022	2.1179	22.344	5.0431	7.0909	220.34	1.1857	0.013359	0.014192	vapor
160.00	1.6667	0.0048606	205.74	1.8016	2.1171	22.132	5.0463	7.1011	220.26	1.1857	0.013364	0.014207	vapor
160.00	1.8333	0.0053508	186.89	1.8011	2.1164	21.939	5.0496	7.1113	220.17	1.1856	0.013369	0.014222	vapor
160.00	2.0000	0.0058418	171.18	1.8006	2.1156	21.763	5.0528	7.1215	220.09	1.1856	0.013374	0.014237	vapor
160.00	2.1667	0.0063335	157.89	1.8000	2.1148	21.600	5.0561	7.1317	220.00	1.1855	0.013379	0.014252	vapor
160.00	2.3333	0.0068261	146.50	1.7995	2.1140	21.450	5.0593	7.1420	219.92	1.1855	0.013384	0.014267	vapor
160.00	2.5000	0.0073194	136.62	1.7989	2.1132	21.309	5.0626	7.1522	219.83	1.1855	0.013389	0.014282	vapor
160.00	2.6667	0.0078135	127.98	1.7984	2.1125	21.177	5.0658	7.1626	219.74	1.1854	0.013395	0.014297	vapor
160.00	2.8333	0.0083084	120.36	1.7979	2.1117	21.054	5.0690	7.1729	219.66	1.1854	0.013400	0.014312	vapor
160.00	3.0000	0.0088040	113.58	1.7973	2.1109	20.937	5.0722	7.1833	219.57	1.1853	0.013406	0.014327	vapor
160.00	3.1667	0.0093005	107.52	1.7968	2.1101	20.826	5.0755	7.1937	219.48	1.1853	0.013411	0.014342	vapor
160.00	3.3333	0.0097978	102.06	1.7962	2.1093	20.720	5.0787	7.2041	219.39	1.1852	0.013417	0.014357	vapor
160.00	3.5000	0.010296	97.126	1.7957	2.1085	20.620	5.0819	7.2146	219.31	1.1852	0.013423	0.014372	vapor
160.00	3.6667	0.010795	92.638	1.7952	2.1077	20.524	5.0851	7.2251	219.22	1.1852	0.013429	0.014388	vapor
160.00	3.8333	0.011294	88.539	1.7946	2.1069	20.432	5.0883	7.2357	219.13	1.1851	0.013435	0.014403	vapor
160.00	4.0000	0.011795	84.782	1.7941	2.1061	20.344	5.0915	7.2462	219.04	1.1851	0.013441	0.014418	vapor
160.00	4.1667	0.012296	81.325	1.7935	2.1053	20.260	5.0947	7.2568	218.96	1.1850	0.013447	0.014433	vapor
160.00	4.3333	0.012798	78.135	1.7930	2.1045	20.178	5.0979	7.2675	218.87	1.1850	0.013453	0.014449	vapor
160.00	4.5000	0.013301	75.180	1.7924	2.1037	20.100	5.1011	7.2781	218.78	1.1849	0.013460	0.014464	vapor
160.00	4.6667	0.013805	72.436	1.7919	2.1029	20.024	5.1043	7.2888	218.69	1.1849	0.013466	0.014479	vapor
160.00	4.8333	0.014310	69.882	1.7913	2.1021	19.951	5.1075	7.2996	218.60	1.1848	0.013473	0.014495	vapor
160.00	5.0000	0.014815	67.498	1.7908	2.1013	19.880	5.1107	7.3103	218.51	1.1848	0.013479	0.014510	vapor
160.00	5.1667	0.015322	65.267	1.7902	2.1005	19.812	5.1139	7.3211	218.43	1.1847	0.013486	0.014526	vapor
160.00	5.3333	0.015829	63.176	1.7897	2.0997	19.745	5.1170	7.3319	218.34	1.1847	0.013493	0.014541	vapor
160.00	5.5000	0.016337	61.211	1.7891	2.0989	19.680	5.1202	7.3428	218.25	1.1847	0.013500	0.014557	vapor
160.00	5.6667	0.016846	59.362	1.7886	2.0981	19.618	5.1234	7.3537	218.16	1.1846	0.013507	0.014572	vapor
160.00	5.8333	0.017355	57.619	1.7880	2.0973	19.556	5.1266	7.3647	218.07	1.1846	0.013514	0.014588	vapor
160.00	6.0000	0.017866	55.972	1.7875	2.0965	19.497	5.1297	7.3756	217.98	1.1845	0.013521	0.014604	vapor
160.00	6.1667	0.018377	54.415	1.7869	2.0957	19.439	5.1329	7.3866	217.89	1.1845	0.013529	0.014619	vapor
160.00	6.3333	0.018890	52.939	1.7864	2.0949	19.383	5.1361	7.3977	217.80	1.1844	0.013536	0.014635	vapor
160.00	6.5000	0.019403	51.539	1.7858	2.0941	19.327	5.1392	7.4088	217.71	1.1844	0.013543	0.014651	vapor
160.00	6.6667	0.019917	50.208	1.7853	2.0933	19.274	5.1424	7.4199	217.62	1.1843	0.013551	0.014667	vapor
160.00	6.8333	0.020432	48.943	1.7847	2.0924	19.221	5.1456	7.4310	217.53	1.1843	0.013559	0.014683	vapor
160.00	7.0000	0.020948	47.738	1.7841	2.0916	19.170	5.1487	7.4422	217.44	1.1842	0.013566	0.014698	vapor
160.00	7.1667	0.021465	46.588	1.7836	2.0908	19.119	5.1519	7.4535	217.35	1.1842	0.013574	0.014714	vapor
160.00	7.3333	0.021982	45.491	1.7830	2.0900	19.070	5.1550	7.4647	217.26	1.1841	0.013582	0.014730	vapor
160.00	7.5000	0.022501	44.443	1.7825	2.0892	19.022	5.1582	7.4760	217.17	1.1840	0.013590	0.014746	vapor
160.00	7.6667	0.023020	43.440	1.7819	2.0884	18.975	5.1613	7.4874	217.08	1.1840	0.013598	0.014762	vapor
160.00	7.8333	0.023540	42.480	1.7813	2.0875	18.928	5.1644	7.4988	216.99	1.1839	0.013606	0.014778	vapor
160.00	8.0000	0.024062	41.560	1.7808	2.0867	18.883	5.1676	7.5102	216.90	1.1839	0.013615	0.014794	vapor
160.00	8.1667	0.024584	40.677	1.7802	2.0859	18.838	5.1707	7.5216	216.81	1.1838	0.013623	0.014810	vapor
160.00	8.3333	0.025107	39.830	1.7796	2.0851	18.795	5.1738	7.5331	216.72	1.1838	0.013632	0.014827	vapor
160.00	8.5000	0.025631	39.015	1.7791	2.0842	18.752	5.1770	7.5447	216.63	1.1837	0.013640	0.014843	vapor
160.00	8.6667	0.026156	38.232	1.7785	2.0834	18.709	5.1801	7.5563	216.53	1.1837	0.013649	0.014859	vapor
160.00	8.8333	0.026682	37.479	1.7779	2.0826	18.668	5.1832	7.5679	216.44	1.1836	0.013657	0.014875	vapor
160.00	9.0000	0.027208	36.753	1.7774	2.0817	18.627	5.1864	7.5796	216.35	1.1835	0.013666	0.014892	vapor
160.00	9.1667	0.027736	36.054	1.7768	2.0809	18.587	5.1895	7.5913	216.26	1.1835	0.013675	0.014908	vapor
160.00	9.3333	0.028265	35.380	1.7762	2.0801	18.548	5.1926	7.6030	216.17	1.1834	0.013684	0.014924	vapor
160.00	9.5000	0.028795	34.729	1.7757	2.0793	18.509	5.1957	7.6148	216.08	1.1834	0.013693	0.014941	vapor
160.00	9.6667	0.029325	34.101	1.7751	2.0784	18.471	5.1988	7.6266	215.99	1.1833	0.013703	0.014957	vapor
160.00	9.8333	0.029857	33.493	1.7745	2.0776	18.433	5.2020	7.6385	215.90	1.1832	0.013712	0.014974	vapor
160.00	10.000	0.030389	32.907	1.7739	2.0767	18.396	5.2051	7.6504	215.80	1.1832	0.013721	0.014990	vapor
160.00	10.167	0.030923	32.339	1.7734	2.0759	18.359	5.2082	7.6624	215.71	1.1831	0.013731	0.015007	vapor
160.00	10.333	0.031457	31.789	1.7728	2.0751	18.323	5.2113	7.6744	215.62	1.1830	0.013740	0.015023	vapor
160.00	10.500	0.031992	31.257	1.7722	2.0742	18.288	5.2144	7.6865	215.53	1.1830	0.013750	0.015040	vapor
160.00	10.667	0.032529	30.742	1.7716	2.0734	18.253	5.2175	7.6986	215.44	1.1829	0.013760	0.015057	vapor
160.00	10.833	0.033066	30.242	1.7711	2.0725	18.218	5.2206	7.7107	215.34	1.1828	0.013770	0.015074	vapor
160.00	11.000	0.033605	29.758	1.7705	2.0717	18.184	5.2237	7.7229	215.25	1.1828	0.013780	0.015090	vapor
160.00	11.167	0.034144	29.288	1.7699	2.0708	18.151	5.2268	7.7352	215.16	1.1827	0.013790	0.015107	vapor
160.00	11.333	0.034684	28.832	1.7693	2.0700	18.118	5.2299	7.7474	215.07	1.1826	0.013800	0.015124	vapor
160.00	11.500	0.035226	28.388	1.7687	2.0691	18.085	5.2330	7.7598	214.98	1.1825	0.013810	0.015141	vapor
160.00	11.667	0.035768	27.958	1.7682	2.0683	18.053	5.2361	7.7721	214.88	1.1825	0.013820	0.015158	vapor
160.00	11.833	0.036311	27.540	1.7676	2.0674	18.021	5.2392	7.7846	214.79	1.1824	0.013831	0.015175	vapor
160.00	12.000	0.036856	27.133	1.7670	2.0666	17.989	5.2423	7.7970	214.70	1.1823	0.013841	0.015192	vapor
160.00	12.167	0.037401	26.737	1.7664	2.0657	17.958	5.2454	7.8096	214.61	1.1822	0.013852	0.015209	vapor
160.00	12.333	0.037948	26.352	1.7658	2.0649	17.927	5.2485	7.8221	214.51	1.1821	0.013862	0.015226	vapor
160.00	12.500	0.038495	25.977	1.7652	2.0640	17.897	5.2516	7.8348	214.42	1.1821	0.013873	0.015243	vapor
160.00	12.667	0.039044	25.612	1.7646	2.0632	17.867	5.2546	7.8474	214.33	1.1820	0.013884	0.015261	vapor
160.00	12.833	0.039593	25.257	1.7641	2.0623	17.837	5.2577	7.8602	214.24	1.1819	0.013895	0.015278	vapor
160.00	13.000	0.040144	24.911	1.7635	2.0614	17.808	5.2608	7.8729	214.14	1.1818	0.013906	0.015295	vapor
160.00	13.167	0.040695	24.573	1.7629	2.0606	17.778	5.2639	7.8858	214.05	1.1817	0.013917	0.015313	vapor
160.00	13.333	0.041248	24.244	1.7623	2.0597	17.750	5.2670	7.8986	213.96	1.1816	0.013928	0.015330	vapor
160.00	13.500	0.041802	23.922	1.7617	2.0589	17.721	5.2701	7.9116	213.87	1.1816	0.013940	0.015347	vapor
160.00	13.667	0.042357	23.609	1.7611	2.0580	17.693	5.2731	7.9245	213.77	1.1815	0.013951	0.015365	vapor
160.00	13.833	0.042912	23.303	1.7605	2.0571	17.665	5.2762	7.9376	213.68	1.1814	0.013963	0.015382	vapor
160.00	14.000	0.043469	23.005	1.7599	2.0563	17.637	5.2793	7.9507	213.59	1.1813	0.013974	0.015400	vapor
160.00	14.167	0.044027	22.713	1.7593	2.0554	17.610	5.2824	7.9638	213.49	1.1812	0.013986	0.015418	vapor
160.00	14.333	0.044587	22.428	1.7587	2.0545	17.583	5.2854	7.9770	213.40	1.1811	0.013998	0.015435	vapor
160.00	14.500	0.045147	22.150	1.7581	2.0536	17.556	5.2885	7.9903	213.31	1.1810	0.014010	0.015453	vapor
160.00	14.667	0.045708	21.878	1.7575	2.0528	17.530	5.2916	8.0036	213.22	1.1809	0.014022	0.015471	vapor
160.00	14.833	0.046270	21.612	1.7569	2.0519	17.503	5.2947	8.0169	213.12	1.1808	0.014034	0.015489	vapor
160.00	15.000	0.046834	21.352	1.7563	2.0510	17.477	5.2977	8.0303	213.03	1.1807	0.014046	0.015506	vapor
160.00	15.167	0.047399	21.098	1.7557	2.0501	17.451	5.3008	8.0438	212.94	1.1806	0.014058	0.015524	vapor
160.00	15.333	0.047964	20.849	1.7551	2.0493	17.426	5.3039	8.0574	212.84	1.1805	0.014071	0.015542	vapor
160.00	15.500	0.048531	20.605	1.7545	2.0484	17.400	5.3069	8.0709	212.75	1.1804	0.014083	0.015560	vapor
160.00	15.667	0.049099	20.367	1.7539	2.0475	17.375	5.3100	8.0846	212.66	1.1803	0.014096	0.015578	vapor
160.00	15.833	0.049668	20.134	1.7533	2.0466	17.350	5.3131	8.0983	212.57	1.1802	0.014108	0.015597	vapor
160.00	16.000	0.050238	19.905	1.7527	2.0457	17.326	5.3161	8.1121	212.47	1.1800	0.014121	0.015615	vapor
160.00	16.167	0.050810	19.681	1.7521	2.0448	17.301	5.3192	8.1259	212.38	1.1799	0.014134	0.015633	vapor
160.00	16.333	0.051382	19.462	1.7514	2.0439	17.277	5.3223	8.1398	212.29	1.1798	0.014147	0.015651	vapor
160.00	16.500	0.051956	19.247	1.7508	2.0431	17.253	5.3253	8.1537	212.19	1.1797	0.014160	0.015670	vapor
160.00	16.667	0.052531	19.036	1.7502	2.0422	17.229	5.3284	8.1677	212.10	1.1796	0.014173	0.015688	vapor
160.00	16.833	0.053107	18.830	1.7496	2.0413	17.205	5.3315	8.1818	212.01	1.1795	0.014186	0.015706	vapor
160.00	17.000	0.053684	18.628	1.7490	2.0404	17.182	5.3345	8.1959	211.92	1.1793	0.014200	0.015725	vapor
160.00	17.167	0.054262	18.429	1.7484	2.0395	17.158	5.3376	8.2101	211.82	1.1792	0.014213	0.015743	vapor
160.00	17.333	0.054842	18.234	1.7478	2.0386	17.135	5.3407	8.2244	211.73	1.1791	0.014226	0.015762	vapor
160.00	17.500	0.055423	18.043	1.7471	2.0377	17.112	5.3437	8.2387	211.64	1.1790	0.014240	0.015781	vapor
160.00	17.667	0.056004	17.856	1.7465	2.0368	17.089	5.3468	8.2531	211.54	1.1788	0.014254	0.015799	vapor
160.00	17.833	0.056588	17.672	1.7459	2.0359	17.066	5.3498	8.2675	211.45	1.1787	0.014268	0.015818	vapor
160.00	18.000	0.057172	17.491	1.7453	2.0350	17.044	5.3529	8.2821	211.36	1.1786	0.014282	0.015837	vapor
160.00	18.167	0.057757	17.314	1.7446	2.0341	17.022	5.3560	8.2966	211.27	1.1784	0.014296	0.015856	vapor
160.00	18.333	0.058344	17.140	1.7440	2.0332	16.999	5.3590	8.3113	211.17	1.1783	0.014310	0.015875	vapor
160.00	18.500	0.058932	16.969	1.7434	2.0323	16.977	5.3621	8.3260	211.08	1.1782	0.014324	0.015894	vapor
160.00	18.667	0.059521	16.801	1.7428	2.0314	16.956	5.3652	8.3408	210.99	1.1780	0.014338	0.015913	vapor
160.00	18.833	0.060111	16.636	1.7421	2.0304	16.934	5.3682	8.3557	210.90	1.1779	0.014353	0.015932	vapor
160.00	19.000	0.060703	16.474	1.7415	2.0295	16.912	5.3713	8.3706	210.80	1.1777	0.014367	0.015951	vapor
160.00	19.167	0.061296	16.314	1.7409	2.0286	16.891	5.3743	8.3856	210.71	1.1776	0.014382	0.015970	vapor
160.00	19.333	0.061890	16.158	1.7403	2.0277	16.870	5.3774	8.4006	210.62	1.1774	0.014396	0.015990	vapor
160.00	19.500	0.062485	16.004	1.7396	2.0268	16.848	5.3805	8.4158	210.53	1.1773	0.014411	0.016009	vapor
160.00	19.667	0.063082	15.852	1.7390	2.0259	16.827	5.3835	8.4310	210.43	1.1771	0.014426	0.016028	vapor
160.00	19.833	0.063680	15.704	1.7384	2.0249	16.807	5.3866	8.4462	210.34	1.1770	0.014441	0.016048	vapor
160.00	20.000	0.064279	15.557	1.7377	2.0240	16.786	5.3897	8.4616	210.25	1.1768	0.014456	0.016067	vapor
160.00	20.167	0.064879	15.413	1.7371	2.0231	16.765	5.3927	8.4770	210.16	1.1767	0.014471	0.016087	vapor
160.00	20.333	0.065481	15.272	1.7364	2.0222	16.745	5.3958	8.4925	210.06	1.1765	0.014487	0.016106	vapor
160.00	20.500	0.066084	15.132	1.7358	2.0213	16.724	5.3989	8.5081	209.97	1.1763	0.014502	0.016126	vapor
160.00	20.667	0.066688	14.995	1.7352	2.0203	16.704	5.4019	8.5237	209.88	1.1762	0.014517	0.016146	vapor
160.00	20.833	0.067294	14.860	1.7345	2.0194	16.684	5.4050	8.5394	209.79	1.1760	0.014533	0.016166	vapor
160.00	21.000	0.067901	14.727	1.7339	2.0185	16.664	5.4081	8.5552	209.69	1.1758	0.014549	0.016186	vapor
160.00	21.167	0.068509	14.597	1.7332	2.0175	16.644	5.4111	8.5711	209.60	1.1756	0.014564	0.016205	vapor
160.00	21.333	0.069119	14.468	1.7326	2.0166	16.624	5.4142	8.5871	209.51	1.1755	0.014580	0.016225	vapor
160.00	21.500	0.069730	14.341	1.7319	2.0157	16.605	5.4173	8.6031	209.42	1.1753	0.014596	0.016246	vapor
160.00	21.667	0.070342	14.216	1.7313	2.0147	16.585	5.4203	8.6192	209.33	1.1751	0.014612	0.016266	vapor
160.00	21.833	0.070955	14.093	1.7306	2.0138	16.566	5.4234	8.6354	209.23	1.1749	0.014629	0.016286	vapor
160.00	22.000	0.071570	13.972	1.7300	2.0128	16.546	5.4265	8.6517	209.14	1.1747	0.014645	0.016306	vapor
160.00	22.167	0.072186	13.853	1.7293	2.0119	16.527	5.4295	8.6680	209.05	1.1746	0.014661	0.016326	vapor
160.00	22.333	0.072804	13.736	1.7287	2.0110	16.508	5.4326	8.6844	208.96	1.1744	0.014678	0.016347	vapor
160.00	22.500	0.073423	13.620	1.7280	2.0100	16.489	5.4357	8.7010	208.87	1.1742	0.014694	0.016367	vapor
160.00	22.667	0.074043	13.506	1.7274	2.0091	16.470	5.4388	8.7176	208.77	1.1740	0.014711	0.016388	vapor
160.00	22.833	0.074665	13.393	1.7267	2.0081	16.451	5.4418	8.7342	208.68	1.1738	0.014728	0.016408	vapor
160.00	23.000	0.075288	13.282	1.7261	2.0072	16.433	5.4449	8.7510	208.59	1.1736	0.014745	0.016429	vapor
160.00	23.167	0.075913	13.173	1.7254	2.0062	16.414	5.4480	8.7679	208.50	1.1734	0.014762	0.016450	vapor
160.00	23.333	0.076538	13.065	1.7247	2.0053	16.395	5.4511	8.7848	208.41	1.1732	0.014779	0.016471	vapor
160.00	23.500	0.077166	12.959	1.7241	2.0043	16.377	5.4542	8.8018	208.32	1.1730	0.014796	0.016492	vapor
160.00	23.667	0.077794	12.854	1.7234	2.0034	16.359	5.4572	8.8189	208.23	1.1727	0.014813	0.016512	vapor
160.00	23.833	0.078425	12.751	1.7228	2.0024	16.340	5.4603	8.8361	208.13	1.1725	0.014831	0.016533	vapor
160.00	24.000	0.079056	12.649	1.7221	2.0014	16.322	5.4634	8.8534	208.04	1.1723	0.014848	0.016555	vapor
160.00	24.167	0.079689	12.549	1.7214	2.0005	16.304	5.4665	8.8708	207.95	1.1721	0.014866	0.016576	vapor
160.00	24.333	0.080324	12.450	1.7208	1.9995	16.286	5.4696	8.8883	207.86	1.1719	0.014884	0.016597	vapor
160.00	24.500	0.080959	12.352	1.7201	1.9985	16.268	5.4727	8.9059	207.77	1.1716	0.014901	0.016618	vapor
160.00	24.667	0.081597	12.255	1.7194	1.9976	16.250	5.4758	8.9235	207.68	1.1714	0.014919	0.016640	vapor
160.00	24.833	0.082236	12.160	1.7187	1.9966	16.233	5.4788	8.9413	207.59	1.1712	0.014937	0.016661	vapor
160.00	25.000	0.082876	12.066	1.7181	1.9956	16.215	5.4819	8.9591	207.50	1.1710	0.014956	0.016683	vapor
160.00	25.167	0.083518	11.974	1.7174	1.9947	16.197	5.4850	8.9770	207.41	1.1707	0.014974	0.016704	vapor
160.00	25.333	0.084161	11.882	1.7167	1.9937	16.180	5.4881	8.9951	207.32	1.1705	0.014992	0.016726	vapor
160.00	25.500	0.084806	11.792	1.7160	1.9927	16.162	5.4912	9.0132	207.23	1.1702	0.015011	0.016748	vapor
160.00	25.667	0.085452	11.703	1.7154	1.9917	16.145	5.4943	9.0314	207.14	1.1700	0.015029	0.016769	vapor
160.00	25.833	0.086100	11.614	1.7147	1.9908	16.128	5.4974	9.0498	207.05	1.1697	0.015048	0.016791	vapor
160.00	26.000	0.086749	11.528	1.7140	1.9898	16.110	5.5005	9.0682	206.96	1.1695	0.015067	0.016813	vapor
160.00	26.167	0.087400	11.442	1.7133	1.9888	16.093	5.5037	9.0867	206.87	1.1692	0.015086	0.016835	vapor
160.00	26.333	0.088052	11.357	1.7126	1.9878	16.076	5.5068	9.1053	206.78	1.1690	0.015105	0.016857	vapor
160.00	26.500	0.088706	11.273	1.7119	1.9868	16.059	5.5099	9.1241	206.69	1.1687	0.015124	0.016880	vapor
160.00	26.667	0.089361	11.191	1.7112	1.9858	16.042	5.5130	9.1429	206.60	1.1685	0.015143	0.016902	vapor
160.00	26.833	0.090018	11.109	1.7106	1.9848	16.025	5.5161	9.1618	206.51	1.1682	0.015162	0.016924	vapor
160.00	27.000	0.090677	11.028	1.7099	1.9839	16.009	5.5192	9.1809	206.42	1.1679	0.015182	0.016947	vapor
160.00	27.167	0.091337	10.949	1.7092	1.9829	15.992	5.5224	9.2000	206.33	1.1677	0.015201	0.016969	vapor
160.00	27.333	0.091998	10.870	1.7085	1.9819	15.975	5.5255	9.2193	206.24	1.1674	0.015221	0.016992	vapor
160.00	27.500	0.092662	10.792	1.7078	1.9809	15.959	5.5286	9.2387	206.15	1.1671	0.015241	0.017015	vapor
160.00	27.667	0.093326	10.715	1.7071	1.9799	15.942	5.5317	9.2581	206.06	1.1668	0.015261	0.017037	vapor
160.00	27.833	0.093993	10.639	1.7064	1.9789	15.926	5.5349	9.2777	205.97	1.1665	0.015281	0.017060	vapor
160.00	28.000	0.094661	10.564	1.7057	1.9779	15.909	5.5380	9.2974	205.88	1.1662	0.015301	0.017083	vapor
160.00	28.167	0.095331	10.490	1.7050	1.9769	15.893	5.5411	9.3172	205.79	1.1660	0.015321	0.017106	vapor
160.00	28.333	0.096002	10.416	1.7043	1.9759	15.876	5.5443	9.3371	205.70	1.1657	0.015341	0.017129	vapor
160.00	28.500	0.096675	10.344	1.7036	1.9748	15.860	5.5474	9.3571	205.61	1.1654	0.015362	0.017152	vapor
160.00	28.667	0.097350	10.272	1.7029	1.9738	15.844	5.5506	9.3773	205.52	1.1651	0.015382	0.017176	vapor
160.00	28.833	0.098026	10.201	1.7022	1.9728	15.828	5.5537	9.3975	205.43	1.1648	0.015403	0.017199	vapor
160.00	29.000	0.098704	10.131	1.7015	1.9718	15.812	5.5569	9.4179	205.35	1.1644	0.015424	0.017223	vapor
160.00	29.167	0.099383	10.062	1.7007	1.9708	15.796	5.5600	9.4384	205.26	1.1641	0.015444	0.017246	vapor
160.00	29.333	0.10006	9.9935	1.7000	1.9698	15.780	5.5632	9.4590	205.17	1.1638	0.015465	0.017270	vapor
160.00	29.500	0.10075	9.9258	1.6993	1.9688	15.764	5.5663	9.4797	205.08	1.1635	0.015487	0.017294	vapor
160.00	29.667	0.10143	9.8588	1.6986	1.9677	15.748	5.5695	9.5006	204.99	1.1632	0.015508	0.017317	vapor
160.00	29.833	0.10212	9.7925	1.6979	1.9667	15.732	5.5727	9.5216	204.90	1.1629	0.015529	0.017341	vapor
160.00	30.000	0.10281	9.7270	1.6972	1.9657	15.716	5.5758	9.5427	204.82	1.1625	0.015551	0.017365	vapor
160.00	30.167	0.10350	9.6621	1.6964	1.9647	15.701	5.5790	9.5639	204.73	1.1622	0.015572	0.017389	vapor
160.00	30.333	0.10419	9.5980	1.6957	1.9636	15.685	5.5822	9.5852	204.64	1.1619	0.015594	0.017414	vapor
160.00	30.500	0.10488	9.5346	1.6950	1.9626	15.669	5.5854	9.6067	204.55	1.1615	0.015616	0.017438	vapor
160.00	30.667	0.10558	9.4718	1.6943	1.9616	15.654	5.5885	9.6283	204.46	1.1612	0.015638	0.017462	vapor
160.00	30.833	0.10627	9.4097	1.6935	1.9605	15.638	5.5917	9.6500	204.38	1.1608	0.015660	0.017487	vapor
160.00	31.000	0.10697	9.3482	1.6928	1.9595	15.623	5.5949	9.6719	204.29	1.1605	0.015682	0.017511	vapor
160.00	31.167	0.10767	9.2874	1.6921	1.9584	15.607	5.5981	9.6939	204.20	1.1601	0.015704	0.017536	vapor
160.00	31.333	0.10837	9.2273	1.6914	1.9574	15.592	5.6013	9.7160	204.12	1.1598	0.015726	0.017561	vapor
160.00	31.500	0.10908	9.1677	1.6906	1.9564	15.577	5.6045	9.7383	204.03	1.1594	0.015749	0.017586	vapor
160.00	31.667	0.10978	9.1088	1.6899	1.9553	15.561	5.6077	9.7607	203.94	1.1591	0.015771	0.017611	vapor
160.00	31.833	0.11049	9.0504	1.6891	1.9543	15.546	5.6109	9.7832	203.85	1.1587	0.015794	0.017636	vapor
160.00	32.000	0.11120	8.9927	1.6884	1.9532	15.531	5.6141	9.8059	203.77	1.1583	0.015817	0.017661	vapor
160.00	32.167	0.11191	8.9355	1.6877	1.9522	15.516	5.6174	9.8287	203.68	1.1579	0.015840	0.017686	vapor
160.00	32.333	0.11263	8.8789	1.6869	1.9511	15.501	5.6206	9.8516	203.59	1.1576	0.015863	0.017712	vapor
160.00	32.500	0.11334	8.8229	1.6862	1.9500	15.485	5.6238	9.8747	203.51	1.1572	0.015886	0.017737	vapor
160.00	32.667	0.11406	8.7675	1.6854	1.9490	15.470	5.6270	9.8980	203.42	1.1568	0.015910	0.017763	vapor
160.00	32.833	0.11478	8.7126	1.6847	1.9479	15.455	5.6303	9.9213	203.34	1.1564	0.015933	0.017788	vapor
160.00	33.000	0.11550	8.6582	1.6839	1.9469	15.440	5.6335	9.9449	203.25	1.1560	0.015957	0.017814	vapor
160.00	33.167	0.11622	8.6044	1.6832	1.9458	15.425	5.6367	9.9685	203.16	1.1556	0.015980	0.017840	vapor
160.00	33.333	0.11694	8.5511	1.6824	1.9447	15.411	5.6400	9.9923	203.08	1.1552	0.016004	0.017866	vapor
160.00	33.500	0.11767	8.4983	1.6817	1.9437	15.396	5.6432	10.016	202.99	1.1548	0.016028	0.017892	vapor
160.00	33.667	0.11840	8.4460	1.6809	1.9426	15.381	5.6465	10.040	202.91	1.1544	0.016052	0.017918	vapor
160.00	33.833	0.11913	8.3942	1.6802	1.9415	15.366	5.6498	10.065	202.82	1.1540	0.016077	0.017945	vapor
160.00	34.000	0.11986	8.3429	1.6794	1.9404	15.351	5.6530	10.089	202.73	1.1535	0.016101	0.017971	vapor
160.00	34.167	0.12060	8.2921	1.6787	1.9394	15.337	5.6563	10.114	202.65	1.1531	0.016125	0.017998	vapor
160.00	34.333	0.12133	8.2418	1.6779	1.9383	15.322	5.6596	10.138	202.56	1.1527	0.016150	0.018024	vapor
160.00	34.500	0.12207	8.1920	1.6771	1.9372	15.307	5.6629	10.163	202.48	1.1523	0.016175	0.018051	vapor
160.00	34.667	0.12281	8.1426	1.6764	1.9361	15.293	5.6661	10.188	202.39	1.1518	0.016199	0.018078	vapor
160.00	34.833	0.12355	8.0937	1.6756	1.9350	15.278	5.6694	10.214	202.31	1.1514	0.016224	0.018105	vapor
160.00	35.000	0.12430	8.0452	1.6748	1.9339	15.264	5.6727	10.239	202.22	1.1510	0.016250	0.018132	vapor
160.00	35.167	0.12504	7.9972	1.6740	1.9328	15.249	5.6760	10.265	202.14	1.1505	0.016275	0.018160	vapor
160.00	35.333	0.12579	7.9496	1.6733	1.9317	15.235	5.6793	10.290	202.05	1.1501	0.016300	0.018187	vapor
160.00	35.500	0.12654	7.9024	1.6725	1.9306	15.220	5.6826	10.316	201.97	1.1496	0.016326	0.018215	vapor
160.00	35.667	0.12730	7.8557	1.6717	1.9295	15.206	5.6860	10.342	201.88	1.1491	0.016351	0.018242	vapor
160.00	35.833	0.12805	7.8094	1.6709	1.9284	15.191	5.6893	10.368	201.80	1.1487	0.016377	0.018270	vapor
160.00	36.000	0.12881	7.7635	1.6702	1.9273	15.177	5.6926	10.395	201.72	1.1482	0.016403	0.018298	vapor
160.00	36.167	0.12957	7.7181	1.6694	1.9262	15.163	5.6959	10.421	201.63	1.1477	0.016429	0.018326	vapor
160.00	36.333	0.13033	7.6730	1.6686	1.9251	15.148	5.6993	10.448	201.55	1.1473	0.016455	0.018354	vapor
160.00	36.500	0.13109	7.6283	1.6678	1.9240	15.134	5.7026	10.475	201.46	1.1468	0.016481	0.018382	vapor
160.00	36.667	0.13186	7.5840	1.6670	1.9229	15.120	5.7060	10.502	201.38	1.1463	0.016508	0.018410	vapor
160.00	36.833	0.13262	7.5401	1.6662	1.9218	15.106	5.7093	10.530	201.30	1.1458	0.016534	0.018439	vapor
160.00	37.000	0.13339	7.4966	1.6654	1.9207	15.091	5.7127	10.557	201.21	1.1453	0.016561	0.018468	vapor
160.00	37.167	0.13417	7.4535	1.6646	1.9195	15.077	5.7161	10.585	201.13	1.1448	0.016588	0.018496	vapor
160.00	37.333	0.13494	7.4107	1.6638	1.9184	15.063	5.7194	10.613	201.05	1.1443	0.016615	0.018525	vapor
160.00	37.500	0.13572	7.3683	1.6630	1.9173	15.049	5.7228	10.641	200.96	1.1438	0.016642	0.018554	vapor
160.00	37.667	0.13649	7.3263	1.6622	1.9162	15.035	5.7262	10.669	200.88	1.1433	0.016669	0.018583	vapor
160.00	37.833	0.13728	7.2846	1.6614	1.9150	15.021	5.7296	10.697	200.80	1.1428	0.016696	0.018613	vapor
160.00	38.000	0.13806	7.2433	1.6606	1.9139	15.007	5.7330	10.726	200.71	1.1422	0.016724	0.018642	vapor
160.00	38.167	0.13884	7.2023	1.6598	1.9128	14.993	5.7364	10.755	200.63	1.1417	0.016751	0.018672	vapor
160.00	38.333	0.13963	7.1617	1.6590	1.9116	14.979	5.7398	10.784	200.55	1.1412	0.016779	0.018701	vapor
160.00	38.500	0.14042	7.1214	1.6582	1.9105	14.965	5.7432	10.813	200.47	1.1406	0.016807	0.018731	vapor
160.00	38.667	0.14121	7.0815	1.6574	1.9093	14.951	5.7467	10.842	200.38	1.1401	0.016835	0.018761	vapor
160.00	38.833	0.14201	7.0418	1.6566	1.9082	14.937	5.7501	10.872	200.30	1.1395	0.016863	0.018791	vapor
160.00	39.000	0.14281	7.0025	1.6558	1.9071	14.923	5.7535	10.902	200.22	1.1390	0.016892	0.018821	vapor
160.00	39.167	0.14360	6.9636	1.6549	1.9059	14.909	5.7570	10.932	200.14	1.1384	0.016920	0.018852	vapor
160.00	39.333	0.14441	6.9249	1.6541	1.9047	14.895	5.7604	10.962	200.05	1.1379	0.016949	0.018882	vapor
160.00	39.500	0.14521	6.8865	1.6533	1.9036	14.881	5.7639	10.993	199.97	1.1373	0.016978	0.018913	vapor
160.00	39.667	0.14602	6.8485	1.6525	1.9024	14.868	5.7674	11.023	199.89	1.1367	0.017007	0.018944	vapor
160.00	39.833	0.14683	6.8108	1.6516	1.9013	14.854	5.7708	11.054	199.81	1.1362	0.017036	0.018975	vapor
160.00	40.000	0.14764	6.7733	1.6508	1.9001	14.840	5.7743	11.085	199.73	1.1356	0.017065	0.019006	vapor
160.00	40.167	0.14845	6.7362	1.6500	1.8989	14.826	5.7778	11.117	199.65	1.1350	0.017094	0.019037	vapor
160.00	40.333	0.14927	6.6993	1.6491	1.8978	14.812	5.7813	11.148	199.56	1.1344	0.017124	0.019069	vapor
160.00	40.500	0.15009	6.6628	1.6483	1.8966	14.799	5.7848	11.180	199.48	1.1338	0.017153	0.019100	vapor
160.00	40.667	0.15091	6.6265	1.6475	1.8954	14.785	5.7883	11.212	199.40	1.1332	0.017183	0.019132	vapor
160.00	40.833	0.15173	6.5905	1.6466	1.8942	14.771	5.7918	11.245	199.32	1.1326	0.017213	0.019164	vapor
160.00	41.000	0.15256	6.5548	1.6458	1.8931	14.758	5.7954	11.277	199.24	1.1320	0.017243	0.019196	vapor
160.00	41.167	0.15339	6.5194	1.6449	1.8919	14.744	5.7989	11.310	199.16	1.1314	0.017274	0.019228	vapor
160.00	41.333	0.15422	6.4842	1.6441	1.8907	14.730	5.8025	11.343	199.08	1.1308	0.017304	0.019261	vapor
160.00	41.500	0.15505	6.4494	1.6432	1.8895	14.717	5.8060	11.376	199.00	1.1301	0.017335	0.019293	vapor
160.00	41.667	0.15589	6.4147	1.6424	1.8883	14.703	5.8096	11.410	198.92	1.1295	0.017365	0.019326	vapor
160.00	41.833	0.15673	6.3804	1.6415	1.8871	14.689	5.8131	11.443	198.84	1.1289	0.017396	0.019359	vapor
160.00	42.000	0.15757	6.3463	1.6407	1.8859	14.676	5.8167	11.477	198.76	1.1282	0.017427	0.019392	vapor
160.00	42.167	0.15842	6.3124	1.6398	1.8847	14.662	5.8203	11.511	198.68	1.1276	0.017458	0.019425	vapor
160.00	42.333	0.15927	6.2788	1.6389	1.8835	14.649	5.8239	11.546	198.60	1.1269	0.017490	0.019458	vapor
160.00	42.500	0.16012	6.2455	1.6381	1.8823	14.635	5.8275	11.581	198.52	1.1263	0.017521	0.019492	vapor
160.00	42.667	0.16097	6.2124	1.6372	1.8811	14.622	5.8311	11.616	198.44	1.1256	0.017553	0.019526	vapor
160.00	42.833	0.16182	6.1796	1.6363	1.8799	14.608	5.8347	11.651	198.36	1.1249	0.017585	0.019560	vapor
160.00	43.000	0.16268	6.1469	1.6355	1.8787	14.595	5.8384	11.687	198.28	1.1242	0.017617	0.019594	vapor
160.00	43.167	0.16354	6.1146	1.6346	1.8775	14.581	5.8420	11.722	198.20	1.1236	0.017649	0.019628	vapor
160.00	43.333	0.16441	6.0824	1.6337	1.8762	14.568	5.8456	11.758	198.12	1.1229	0.017681	0.019662	vapor
160.00	43.500	0.16527	6.0505	1.6328	1.8750	14.554	5.8493	11.795	198.04	1.1222	0.017714	0.019697	vapor
160.00	43.667	0.16614	6.0189	1.6319	1.8738	14.541	5.8530	11.832	197.96	1.1215	0.017746	0.019732	vapor
160.00	43.833	0.16702	5.9874	1.6311	1.8726	14.527	5.8566	11.868	197.88	1.1208	0.017779	0.019767	vapor
160.00	44.000	0.16789	5.9562	1.6302	1.8713	14.514	5.8603	11.906	197.80	1.1201	0.017812	0.019802	vapor
160.00	44.167	0.16877	5.9252	1.6293	1.8701	14.500	5.8640	11.943	197.72	1.1193	0.017845	0.019837	vapor
160.00	44.333	0.16965	5.8944	1.6284	1.8688	14.487	5.8677	11.981	197.64	1.1186	0.017879	0.019873	vapor
160.00	44.500	0.17054	5.8639	1.6275	1.8676	14.474	5.8714	12.019	197.56	1.1179	0.017912	0.019909	vapor
160.00	44.667	0.17142	5.8335	1.6266	1.8664	14.460	5.8751	12.057	197.48	1.1172	0.017946	0.019945	vapor
160.00	44.833	0.17231	5.8034	1.6257	1.8651	14.447	5.8789	12.096	197.41	1.1164	0.017980	0.019981	vapor
160.00	45.000	0.17321	5.7735	1.6248	1.8639	14.434	5.8826	12.135	197.33	1.1157	0.018014	0.020017	vapor
160.00	45.167	0.17410	5.7437	1.6239	1.8626	14.420	5.8864	12.174	197.25	1.1149	0.018048	0.020053	vapor
160.00	45.333	0.17500	5.7142	1.6230	1.8613	14.407	5.8901	12.214	197.17	1.1142	0.018082	0.020090	vapor
160.00	45.500	0.17590	5.6849	1.6221	1.8601	14.393	5.8939	12.254	197.09	1.1134	0.018117	0.020127	vapor
160.00	45.667	0.17681	5.6558	1.6212	1.8588	14.380	5.8977	12.294	197.01	1.1126	0.018152	0.020164	vapor
160.00	45.833	0.17772	5.6269	1.6202	1.8575	14.367	5.9015	12.335	196.94	1.1118	0.018187	0.020202	vapor
160.00	46.000	0.17863	5.5982	1.6193	1.8563	14.353	5.9053	12.376	196.86	1.1111	0.018222	0.020239	vapor
160.00	46.167	0.17954	5.5696	1.6184	1.8550	14.340	5.9091	12.417	196.78	1.1103	0.018257	0.020277	vapor
160.00	46.333	0.18046	5.5413	1.6175	1.8537	14.327	5.9129	12.459	196.70	1.1095	0.018293	0.020315	vapor
160.00	46.500	0.18138	5.5132	1.6165	1.8524	14.314	5.9168	12.501	196.62	1.1087	0.018328	0.020353	vapor
160.00	46.667	0.18231	5.4852	1.6156	1.8512	14.300	5.9206	12.543	196.55	1.1079	0.018364	0.020391	vapor
160.00	46.833	0.18324	5.4574	1.6147	1.8499	14.287	5.9245	12.585	196.47	1.1070	0.018400	0.020430	vapor
160.00	47.000	0.18417	5.4298	1.6137	1.8486	14.274	5.9283	12.628	196.39	1.1062	0.018436	0.020469	vapor
160.00	47.167	0.18510	5.4024	1.6128	1.8473	14.260	5.9322	12.672	196.31	1.1054	0.018473	0.020508	vapor
160.00	47.333	0.18604	5.3752	1.6119	1.8460	14.247	5.9361	12.715	196.24	1.1046	0.018509	0.020547	vapor
160.00	47.500	0.18698	5.3482	1.6109	1.8447	14.234	5.9400	12.759	196.16	1.1037	0.018546	0.020587	vapor
160.00	47.667	0.18792	5.3213	1.6100	1.8434	14.221	5.9439	12.804	196.08	1.1029	0.018583	0.020626	vapor
160.00	47.833	0.18887	5.2946	1.6090	1.8421	14.207	5.9479	12.849	196.01	1.1020	0.018620	0.020666	vapor
160.00	48.000	0.18982	5.2680	1.6081	1.8408	14.194	5.9518	12.894	195.93	1.1011	0.018658	0.020706	vapor
160.00	48.167	0.19078	5.2417	1.6071	1.8394	14.181	5.9558	12.939	195.85	1.1003	0.018695	0.020747	vapor
160.00	48.333	0.19174	5.2155	1.6062	1.8381	14.167	5.9597	12.985	195.78	1.0994	0.018733	0.020788	vapor
160.00	48.500	0.19270	5.1895	1.6052	1.8368	14.154	5.9637	13.031	195.70	1.0985	0.018771	0.020828	vapor
160.00	48.667	0.19366	5.1636	1.6042	1.8355	14.141	5.9677	13.078	195.62	1.0976	0.018809	0.020870	vapor
160.00	48.833	0.19463	5.1379	1.6033	1.8341	14.128	5.9717	13.125	195.55	1.0967	0.018848	0.020911	vapor
160.00	49.000	0.19561	5.1123	1.6023	1.8328	14.114	5.9757	13.173	195.47	1.0958	0.018886	0.020953	vapor
160.00	49.167	0.19658	5.0870	1.6013	1.8315	14.101	5.9797	13.220	195.39	1.0949	0.018925	0.020994	vapor
160.00	49.333	0.19756	5.0617	1.6003	1.8301	14.088	5.9838	13.269	195.32	1.0940	0.018964	0.021037	vapor
160.00	49.500	0.19854	5.0367	1.5994	1.8288	14.075	5.9878	13.318	195.24	1.0930	0.019003	0.021079	vapor
160.00	49.667	0.19953	5.0117	1.5984	1.8274	14.061	5.9919	13.367	195.17	1.0921	0.019043	0.021122	vapor
160.00	49.833	0.20052	4.9870	1.5974	1.8261	14.048	5.9960	13.416	195.09	1.0912	0.019082	0.021165	vapor
160.00	50.000	0.20152	4.9624	1.5964	1.8247	14.035	6.0000	13.466	195.02	1.0902	0.019122	0.021208	vapor
160.00	50.167	0.20252	4.9379	1.5954	1.8234	14.022	6.0042	13.517	194.94	1.0892	0.019162	0.021251	vapor
160.00	50.333	0.20352	4.9136	1.5944	1.8220	14.008	6.0083	13.567	194.86	1.0883	0.019202	0.021295	vapor
160.00	50.500	0.20452	4.8894	1.5934	1.8206	13.995	6.0124	13.619	194.79	1.0873	0.019243	0.021339	vapor
160.00	50.667	0.20553	4.8654	1.5924	1.8192	13.982	6.0165	13.671	194.71	1.0863	0.019284	0.021383	vapor
160.00	50.833	0.20655	4.8415	1.5914	1.8179	13.969	6.0207	13.723	194.64	1.0853	0.019325	0.021428	vapor
160.00	51.000	0.20757	4.8177	1.5904	1.8165	13.955	6.0249	13.776	194.56	1.0843	0.019366	0.021472	vapor
160.00	51.167	0.20859	4.7941	1.5894	1.8151	13.942	6.0291	13.829	194.49	1.0833	0.019407	0.021517	vapor
160.00	51.167	0.20859	4.7941	1.5894	1.8151	13.942	6.0291	13.829	194.49	1.0833	0.019407	0.021517	supercritical
160.00	51.167	0.20859	4.7941	1.5894	1.8151	13.942	6.0291	13.829	194.49	1.0833	0.019407	0.021517	supercritical
160.00	51.333	0.20961	4.7707	1.5884	1.8137	13.929	6.0333	13.882	194.41	1.0823	0.019449	0.021563	supercritical
160.00	51.500	0.21064	4.7473	1.5873	1.8123	13.916	6.0375	13.936	194.34	1.0813	0.019491	0.021608	supercritical
160.00	51.667	0.21168	4.7241	1.5863	1.8109	13.902	6.0417	13.991	194.27	1.0802	0.019533	0.021654	supercritical
160.00	51.833	0.21272	4.7011	1.5853	1.8095	13.889	6.0460	14.046	194.19	1.0792	0.019575	0.021701	supercritical
160.00	52.000	0.21376	4.6782	1.5843	1.8081	13.876	6.0502	14.102	194.12	1.0781	0.019618	0.021747	supercritical
160.00	52.167	0.21481	4.6554	1.5832	1.8067	13.862	6.0545	14.158	194.04	1.0771	0.019661	0.021794	supercritical
160.00	52.333	0.21586	4.6327	1.5822	1.8053	13.849	6.0588	14.214	193.97	1.0760	0.019704	0.021841	supercritical
160.00	52.500	0.21691	4.6102	1.5812	1.8039	13.836	6.0631	14.271	193.89	1.0749	0.019747	0.021888	supercritical
160.00	52.667	0.21797	4.5877	1.5801	1.8024	13.823	6.0674	14.329	193.82	1.0739	0.019790	0.021936	supercritical
160.00	52.833	0.21904	4.5655	1.5791	1.8010	13.809	6.0718	14.387	193.75	1.0728	0.019834	0.021984	supercritical
160.00	53.000	0.22010	4.5433	1.5780	1.7996	13.796	6.0761	14.446	193.67	1.0717	0.019878	0.022032	supercritical
160.00	53.167	0.22118	4.5213	1.5770	1.7982	13.783	6.0805	14.505	193.60	1.0705	0.019922	0.022081	supercritical
160.00	53.333	0.22225	4.4994	1.5759	1.7967	13.769	6.0849	14.565	193.53	1.0694	0.019967	0.022130	supercritical
160.00	53.500	0.22334	4.4776	1.5748	1.7953	13.756	6.0893	14.625	193.45	1.0683	0.020012	0.022179	supercritical
160.00	53.667	0.22442	4.4559	1.5738	1.7938	13.743	6.0937	14.686	193.38	1.0671	0.020057	0.022229	supercritical
160.00	53.833	0.22551	4.4344	1.5727	1.7924	13.729	6.0981	14.748	193.31	1.0660	0.020102	0.022279	supercritical
160.00	54.000	0.22661	4.4129	1.5716	1.7909	13.716	6.1025	14.810	193.24	1.0648	0.020148	0.022329	supercritical
160.00	54.167	0.22771	4.3916	1.5706	1.7894	13.703	6.1070	14.872	193.16	1.0637	0.020193	0.022380	supercritical
160.00	54.333	0.22881	4.3704	1.5695	1.7880	13.689	6.1115	14.935	193.09	1.0625	0.020239	0.022431	supercritical
160.00	54.500	0.22992	4.3493	1.5684	1.7865	13.676	6.1160	14.999	193.02	1.0613	0.020286	0.022482	supercritical
160.00	54.667	0.23103	4.3284	1.5673	1.7850	13.662	6.1205	15.064	192.95	1.0601	0.020332	0.022534	supercritical
160.00	54.833	0.23215	4.3075	1.5662	1.7836	13.649	6.1250	15.129	192.88	1.0589	0.020379	0.022586	supercritical
160.00	55.000	0.23328	4.2867	1.5651	1.7821	13.636	6.1296	15.194	192.80	1.0577	0.020426	0.022638	supercritical
160.00	55.167	0.23441	4.2661	1.5640	1.7806	13.622	6.1341	15.260	192.73	1.0564	0.020474	0.022691	supercritical
160.00	55.333	0.23554	4.2456	1.5629	1.7791	13.609	6.1387	15.327	192.66	1.0552	0.020521	0.022744	supercritical
160.00	55.500	0.23668	4.2252	1.5618	1.7776	13.595	6.1433	15.395	192.59	1.0539	0.020569	0.022797	supercritical
160.00	55.667	0.23782	4.2048	1.5607	1.7761	13.582	6.1479	15.463	192.52	1.0527	0.020618	0.022851	supercritical
160.00	55.833	0.23897	4.1846	1.5596	1.7746	13.568	6.1526	15.532	192.45	1.0514	0.020666	0.022905	supercritical
160.00	56.000	0.24012	4.1645	1.5585	1.7731	13.555	6.1572	15.601	192.38	1.0501	0.020715	0.022960	supercritical
160.00	56.167	0.24128	4.1445	1.5573	1.7715	13.542	6.1619	15.671	192.31	1.0488	0.020764	0.023015	supercritical
160.00	56.333	0.24245	4.1246	1.5562	1.7700	13.528	6.1666	15.742	192.24	1.0475	0.020269	0.022723	supercritical
160.00	56.500	0.24362	4.1048	1.5551	1.7685	13.515	6.1713	15.813	192.17	1.0462	0.020318	0.022781	supercritical
160.00	56.667	0.24479	4.0851	1.5539	1.7669	13.501	6.1760	15.886	192.10	1.0449	0.020367	0.022839	supercritical
160.00	56.833	0.24597	4.0655	1.5528	1.7654	13.488	6.1807	15.958	192.03	1.0435	0.020417	0.022898	supercritical
160.00	57.000	0.24715	4.0461	1.5516	1.7639	13.474	6.1855	16.032	191.96	1.0422	0.020467	0.022956	supercritical
160.00	57.167	0.24835	4.0267	1.5505	1.7623	13.460	6.1903	16.106	191.89	1.0408	0.020517	0.023016	supercritical
160.00	57.333	0.24954	4.0074	1.5493	1.7608	13.447	6.1951	16.181	191.82	1.0394	0.020567	0.023075	supercritical
160.00	57.500	0.25074	3.9882	1.5482	1.7592	13.433	6.1999	16.257	191.75	1.0381	0.020618	0.023135	supercritical
160.00	57.667	0.25195	3.9690	1.5470	1.7576	13.420	6.2047	16.334	191.69	1.0367	0.020669	0.023196	supercritical
160.00	57.833	0.25316	3.9500	1.5459	1.7561	13.406	6.2096	16.411	191.62	1.0352	0.020720	0.023257	supercritical
160.00	58.000	0.25438	3.9311	1.5447	1.7545	13.392	6.2144	16.489	191.55	1.0338	0.020772	0.023318	supercritical
160.00	58.167	0.25560	3.9123	1.5435	1.7529	13.379	6.2193	16.568	191.48	1.0324	0.020824	0.023380	supercritical
160.00	58.333	0.25683	3.8936	1.5423	1.7513	13.365	6.2242	16.647	191.42	1.0309	0.020876	0.023442	supercritical
160.00	58.500	0.25807	3.8749	1.5411	1.7497	13.351	6.2292	16.727	191.35	1.0295	0.020929	0.023504	supercritical
160.00	58.667	0.25931	3.8564	1.5399	1.7481	13.338	6.2341	16.808	191.28	1.0280	0.020981	0.023567	supercritical
160.00	58.833	0.26056	3.8379	1.5388	1.7465	13.324	6.2391	16.890	191.22	1.0265	0.021035	0.023630	supercritical
160.00	59.000	0.26181	3.8195	1.5376	1.7449	13.310	6.2441	16.973	191.15	1.0250	0.021088	0.023694	supercritical
160.00	59.167	0.26307	3.8012	1.5363	1.7433	13.297	6.2491	17.056	191.08	1.0235	0.021142	0.023758	supercritical
160.00	59.333	0.26434	3.7830	1.5351	1.7417	13.283	6.2541	17.141	191.02	1.0220	0.021196	0.023823	supercritical
160.00	59.500	0.26561	3.7649	1.5339	1.7401	13.269	6.2592	17.226	190.95	1.0204	0.021250	0.023888	supercritical
160.00	59.667	0.26689	3.7469	1.5327	1.7384	13.255	6.2642	17.312	190.89	1.0189	0.021305	0.023953	supercritical
160.00	59.833	0.26817	3.7290	1.5315	1.7368	13.241	6.2693	17.399	190.83	1.0173	0.021360	0.024019	supercritical
160.00	60.000	0.26946	3.7111	1.5303	1.7352	13.228	6.2744	17.487	190.76	1.0157	0.021415	0.024085	supercritical
160.00	60.167	0.27076	3.6933	1.5290	1.7335	13.214	6.2795	17.575	190.70	1.0141	0.021471	0.024152	supercritical
160.00	60.333	0.27206	3.6757	1.5278	1.7319	13.200	6.2847	17.665	190.64	1.0125	0.021526	0.024220	supercritical
160.00	60.500	0.27337	3.6581	1.5265	1.7302	13.186	6.2898	17.755	190.57	1.0109	0.021583	0.024287	supercritical
160.00	60.667	0.27469	3.6405	1.5253	1.7285	13.172	6.2950	17.846	190.51	1.0093	0.021639	0.024355	supercritical
160.00	60.833	0.27601	3.6231	1.5240	1.7269	13.158	6.3002	17.938	190.45	1.0076	0.021696	0.024424	supercritical
160.00	61.000	0.27734	3.6057	1.5228	1.7252	13.144	6.3055	18.031	190.39	1.0059	0.021754	0.024493	supercritical
160.00	61.167	0.27867	3.5884	1.5215	1.7235	13.130	6.3107	18.125	190.33	1.0042	0.021811	0.024563	supercritical
160.00	61.333	0.28001	3.5712	1.5203	1.7218	13.116	6.3160	18.220	190.27	1.0025	0.021870	0.024633	supercritical
160.00	61.500	0.28136	3.5541	1.5190	1.7201	13.102	6.3213	18.316	190.21	1.0008	0.021928	0.024704	supercritical
160.00	61.667	0.28272	3.5371	1.5177	1.7184	13.088	6.3266	18.413	190.15	0.99910	0.021987	0.024775	supercritical
160.00	61.833	0.28408	3.5201	1.5164	1.7167	13.074	6.3319	18.511	190.09	0.99736	0.022046	0.024847	supercritical
160.00	62.000	0.28545	3.5032	1.5151	1.7150	13.060	6.3372	18.610	190.03	0.99560	0.022105	0.024919	supercritical
160.00	62.167	0.28683	3.4864	1.5138	1.7133	13.046	6.3426	18.709	189.98	0.99382	0.022165	0.024991	supercritical
160.00	62.333	0.28821	3.4697	1.5125	1.7116	13.032	6.3480	18.810	189.92	0.99203	0.022225	0.025065	supercritical
160.00	62.500	0.28960	3.4530	1.5112	1.7098	13.018	6.3534	18.912	189.86	0.99022	0.022286	0.025138	supercritical
160.00	62.667	0.29100	3.4364	1.5099	1.7081	13.004	6.3588	19.014	189.81	0.98840	0.022347	0.025213	supercritical
160.00	62.833	0.29241	3.4199	1.5086	1.7063	12.990	6.3642	19.118	189.75	0.98656	0.022409	0.025287	supercritical
160.00	63.000	0.29382	3.4035	1.5073	1.7046	12.975	6.3697	19.223	189.70	0.98470	0.022470	0.025363	supercritical
160.00	63.167	0.29524	3.3871	1.5060	1.7028	12.961	6.3752	19.328	189.64	0.98283	0.022533	0.025438	supercritical
160.00	63.333	0.29667	3.3708	1.5046	1.7011	12.947	6.3807	19.435	189.59	0.98094	0.022595	0.025515	supercritical
160.00	63.500	0.29810	3.3546	1.5033	1.6993	12.933	6.3862	19.543	189.54	0.97903	0.022658	0.025592	supercritical
160.00	63.667	0.29954	3.3384	1.5020	1.6975	12.918	6.3917	19.652	189.49	0.97710	0.022722	0.025669	supercritical
160.00	63.833	0.30099	3.3223	1.5006	1.6957	12.904	6.3973	19.761	189.44	0.97516	0.022785	0.025747	supercritical
160.00	64.000	0.30245	3.3063	1.4992	1.6940	12.890	6.4029	19.872	189.39	0.97320	0.022850	0.025825	supercritical
160.00	64.167	0.30392	3.2904	1.4979	1.6922	12.875	6.4085	19.984	189.34	0.97122	0.022914	0.025905	supercritical
160.00	64.333	0.30539	3.2745	1.4965	1.6904	12.861	6.4141	20.097	189.29	0.96923	0.022979	0.025984	supercritical
160.00	64.500	0.30687	3.2587	1.4952	1.6886	12.846	6.4197	20.211	189.24	0.96721	0.023045	0.026064	supercritical
160.00	64.667	0.30836	3.2430	1.4938	1.6867	12.832	6.4253	20.327	189.20	0.96518	0.023111	0.026145	supercritical
160.00	64.833	0.30985	3.2273	1.4924	1.6849	12.817	6.4310	20.443	189.15	0.96313	0.023177	0.026227	supercritical
160.00	65.000	0.31136	3.2117	1.4910	1.6831	12.803	6.4367	20.560	189.10	0.96107	0.023244	0.026308	supercritical
160.00	65.167	0.31287	3.1962	1.4896	1.6813	12.788	6.4424	20.679	189.06	0.95898	0.023312	0.026391	supercritical
160.00	65.333	0.31439	3.1807	1.4882	1.6794	12.774	6.4481	20.798	189.02	0.95688	0.023379	0.026474	supercritical
160.00	65.500	0.31592	3.1654	1.4868	1.6776	12.759	6.4538	20.919	188.98	0.95475	0.023448	0.026558	supercritical
160.00	65.667	0.31746	3.1500	1.4854	1.6757	12.745	6.4596	21.040	188.93	0.95261	0.023516	0.026642	supercritical
160.00	65.833	0.31900	3.1348	1.4840	1.6739	12.730	6.4653	21.163	188.89	0.95045	0.023585	0.026727	supercritical
160.00	66.000	0.32056	3.1196	1.4825	1.6720	12.715	6.4711	21.287	188.86	0.94827	0.023655	0.026812	supercritical
160.00	66.167	0.32212	3.1045	1.4811	1.6701	12.701	6.4769	21.412	188.82	0.94607	0.023725	0.026898	supercritical
160.00	66.333	0.32369	3.0894	1.4797	1.6683	12.686	6.4827	21.539	188.78	0.94386	0.023796	0.026985	supercritical
160.00	66.500	0.32527	3.0744	1.4782	1.6664	12.671	6.4885	21.666	188.74	0.94162	0.023867	0.027072	supercritical
160.00	66.667	0.32685	3.0595	1.4768	1.6645	12.657	6.4944	21.794	188.71	0.93936	0.023938	0.027160	supercritical
160.00	66.833	0.32845	3.0446	1.4753	1.6626	12.642	6.5002	21.924	188.68	0.93709	0.024010	0.027248	supercritical
160.00	67.000	0.33005	3.0298	1.4739	1.6607	12.627	6.5061	22.054	188.65	0.93479	0.024083	0.027337	supercritical
160.00	67.167	0.33167	3.0151	1.4724	1.6588	12.612	6.5119	22.186	188.61	0.93248	0.024156	0.027427	supercritical
160.00	67.333	0.33329	3.0004	1.4709	1.6568	12.597	6.5178	22.319	188.59	0.93014	0.024230	0.027517	supercritical
160.00	67.500	0.33492	2.9858	1.4695	1.6549	12.582	6.5237	22.453	188.56	0.92779	0.024304	0.027607	supercritical
160.00	67.667	0.33656	2.9713	1.4680	1.6530	12.567	6.5296	22.588	188.53	0.92541	0.024378	0.027699	supercritical
160.00	67.833	0.33821	2.9568	1.4665	1.6510	12.552	6.5355	22.724	188.50	0.92301	0.024453	0.027791	supercritical
160.00	68.000	0.33986	2.9424	1.4650	1.6491	12.537	6.5414	22.861	188.48	0.92060	0.024529	0.027883	supercritical
160.00	68.167	0.34153	2.9280	1.4635	1.6471	12.522	6.5473	23.000	188.46	0.91816	0.024605	0.027977	supercritical
160.00	68.333	0.34320	2.9137	1.4620	1.6452	12.507	6.5533	23.139	188.44	0.91571	0.024682	0.028070	supercritical
160.00	68.500	0.34489	2.8995	1.4605	1.6432	12.492	6.5592	23.279	188.42	0.91323	0.024759	0.028165	supercritical
160.00	68.667	0.34658	2.8853	1.4589	1.6413	12.477	6.5651	23.421	188.40	0.91074	0.024837	0.028260	supercritical
160.00	68.833	0.34828	2.8712	1.4574	1.6393	12.462	6.5711	23.564	188.38	0.90822	0.024915	0.028355	supercritical
160.00	69.000	0.34999	2.8572	1.4559	1.6373	12.447	6.5770	23.707	188.37	0.90568	0.024994	0.028451	supercritical
160.00	69.167	0.35171	2.8432	1.4543	1.6353	12.432	6.5830	23.852	188.36	0.90313	0.025073	0.028548	supercritical
160.00	69.333	0.35344	2.8293	1.4528	1.6333	12.417	6.5889	23.998	188.35	0.90055	0.025153	0.028645	supercritical
160.00	69.500	0.35518	2.8155	1.4512	1.6313	12.401	6.5949	24.144	188.34	0.89795	0.025234	0.028743	supercritical
160.00	69.667	0.35693	2.8017	1.4497	1.6293	12.386	6.6008	24.292	188.33	0.89533	0.025315	0.028842	supercritical
160.00	69.833	0.35868	2.7880	1.4481	1.6273	12.371	6.6068	24.441	188.32	0.89269	0.025397	0.028941	supercritical
160.00	70.000	0.36045	2.7743	1.4465	1.6252	12.355	6.6127	24.590	188.32	0.89003	0.025479	0.029041	supercritical
160.00	70.167	0.36223	2.7607	1.4450	1.6232	12.340	6.6187	24.741	188.32	0.88735	0.025562	0.029141	supercritical
160.00	70.333	0.36401	2.7472	1.4434	1.6212	12.325	6.6246	24.892	188.32	0.88465	0.025645	0.029242	supercritical
160.00	70.500	0.36580	2.7337	1.4418	1.6191	12.309	6.6305	25.045	188.32	0.88193	0.025729	0.029343	supercritical
160.00	70.667	0.36761	2.7203	1.4402	1.6171	12.294	6.6364	25.198	188.33	0.87919	0.025814	0.029445	supercritical
160.00	70.833	0.36942	2.7069	1.4386	1.6150	12.278	6.6423	25.352	188.33	0.87643	0.025899	0.029547	supercritical
160.00	71.000	0.37124	2.6937	1.4370	1.6130	12.263	6.6482	25.507	188.34	0.87365	0.025985	0.029650	supercritical
160.00	71.167	0.37307	2.6804	1.4354	1.6109	12.248	6.6541	25.663	188.35	0.87085	0.026071	0.029754	supercritical
160.00	71.333	0.37491	2.6673	1.4338	1.6088	12.232	6.6600	25.819	188.37	0.86803	0.026158	0.029858	supercritical
160.00	71.500	0.37676	2.6542	1.4321	1.6068	12.216	6.6659	25.977	188.38	0.86519	0.026246	0.029963	supercritical
160.00	71.667	0.37862	2.6412	1.4305	1.6047	12.201	6.6717	26.135	188.40	0.86233	0.026334	0.030068	supercritical
160.00	71.833	0.38049	2.6282	1.4289	1.6026	12.185	6.6775	26.293	188.42	0.85945	0.026423	0.030174	supercritical
160.00	72.000	0.38237	2.6153	1.4272	1.6005	12.170	6.6833	26.453	188.44	0.85655	0.026512	0.030280	supercritical
160.00	72.167	0.38426	2.6024	1.4256	1.5984	12.154	6.6891	26.613	188.47	0.85364	0.026602	0.030387	supercritical
160.00	72.333	0.38615	2.5897	1.4239	1.5963	12.138	6.6948	26.774	188.50	0.85070	0.026693	0.030494	supercritical
160.00	72.500	0.38806	2.5769	1.4223	1.5942	12.123	6.7006	26.935	188.53	0.84774	0.026784	0.030602	supercritical
160.00	72.667	0.38997	2.5643	1.4206	1.5921	12.107	6.7063	27.097	188.56	0.84477	0.026876	0.030710	supercritical
160.00	72.833	0.39190	2.5517	1.4189	1.5899	12.091	6.7120	27.259	188.60	0.84177	0.026968	0.030818	supercritical
160.00	73.000	0.39383	2.5392	1.4172	1.5878	12.076	6.7176	27.421	188.64	0.83876	0.027061	0.030928	supercritical
160.00	73.167	0.39577	2.5267	1.4156	1.5857	12.060	6.7232	27.584	188.68	0.83573	0.027155	0.031037	supercritical
160.00	73.333	0.39772	2.5143	1.4139	1.5835	12.044	6.7288	27.748	188.72	0.83268	0.027249	0.031147	supercritical
160.00	73.500	0.39968	2.5020	1.4122	1.5814	12.028	6.7343	27.912	188.77	0.82962	0.027344	0.031258	supercritical
160.00	73.667	0.40165	2.4897	1.4105	1.5792	12.012	6.7398	28.076	188.82	0.82654	0.027440	0.031368	supercritical
160.00	73.833	0.40363	2.4775	1.4088	1.5771	11.997	6.7453	28.240	188.87	0.82344	0.027536	0.031480	supercritical
160.00	74.000	0.40561	2.4654	1.4071	1.5749	11.981	6.7507	28.404	188.93	0.82032	0.027633	0.031591	supercritical
160.00	74.167	0.40761	2.4533	1.4053	1.5728	11.965	6.7561	28.569	188.99	0.81718	0.027730	0.031703	supercritical
160.00	74.333	0.40961	2.4413	1.4036	1.5706	11.949	6.7614	28.733	189.05	0.81403	0.027828	0.031816	supercritical
160.00	74.500	0.41162	2.4294	1.4019	1.5684	11.933	6.7667	28.898	189.12	0.81087	0.027927	0.031929	supercritical
160.00	74.667	0.41364	2.4175	1.4002	1.5663	11.917	6.7719	29.063	189.19	0.80768	0.028026	0.032042	supercritical
160.00	74.833	0.41567	2.4057	1.3984	1.5641	11.901	6.7771	29.227	189.26	0.80449	0.028126	0.032155	supercritical
160.00	75.000	0.41771	2.3940	1.3967	1.5619	11.886	6.7822	29.391	189.34	0.80127	0.028226	0.032269	supercritical
160.00	75.167	0.41976	2.3823	1.3950	1.5597	11.870	6.7872	29.555	189.42	0.79804	0.028328	0.032383	supercritical
160.00	75.333	0.42181	2.3707	1.3932	1.5576	11.854	6.7922	29.719	189.50	0.79480	0.028429	0.032497	supercritical
160.00	75.500	0.42387	2.3592	1.3915	1.5554	11.838	6.7972	29.883	189.59	0.79155	0.028532	0.032612	supercritical
160.00	75.667	0.42594	2.3477	1.3897	1.5532	11.822	6.8020	30.046	189.68	0.78827	0.028634	0.032727	supercritical
160.00	75.833	0.42802	2.3363	1.3880	1.5510	11.806	6.8069	30.209	189.77	0.78499	0.028738	0.032842	supercritical
160.00	76.000	0.43010	2.3250	1.3862	1.5488	11.790	6.8116	30.371	189.87	0.78169	0.028842	0.032957	supercritical
160.00	76.167	0.43220	2.3138	1.3844	1.5466	11.774	6.8163	30.532	189.97	0.77838	0.028947	0.033073	supercritical
160.00	76.333	0.43430	2.3026	1.3826	1.5444	11.758	6.8208	30.693	190.08	0.77506	0.029052	0.033189	supercritical
160.00	76.500	0.43640	2.2915	1.3809	1.5422	11.742	6.8254	30.853	190.19	0.77173	0.029158	0.033305	supercritical
160.00	76.667	0.43852	2.2804	1.3791	1.5400	11.726	6.8298	31.012	190.30	0.76838	0.029264	0.033421	supercritical
160.00	76.833	0.44064	2.2694	1.3773	1.5378	11.710	6.8342	31.171	190.42	0.76502	0.029371	0.033537	supercritical
160.00	77.000	0.44276	2.2585	1.3755	1.5356	11.694	6.8384	31.328	190.54	0.76165	0.029478	0.033653	supercritical
160.00	77.167	0.44490	2.2477	1.3737	1.5333	11.678	6.8426	31.485	190.67	0.75828	0.029586	0.033770	supercritical
160.00	77.333	0.44704	2.2369	1.3720	1.5311	11.662	6.8467	31.640	190.80	0.75489	0.029695	0.033886	supercritical
160.00	77.500	0.44919	2.2262	1.3702	1.5289	11.646	6.8507	31.794	190.93	0.75149	0.029804	0.034003	supercritical
160.00	77.667	0.45134	2.2156	1.3684	1.5267	11.630	6.8546	31.947	191.07	0.74808	0.029914	0.034119	supercritical
160.00	77.833	0.45350	2.2051	1.3666	1.5245	11.614	6.8585	32.099	191.22	0.74467	0.030024	0.034236	supercritical
160.00	78.000	0.45566	2.1946	1.3648	1.5223	11.598	6.8622	32.249	191.36	0.74124	0.030135	0.034353	supercritical
160.00	78.167	0.45783	2.1842	1.3630	1.5201	11.582	6.8658	32.398	191.52	0.73781	0.030246	0.034470	supercritical
160.00	78.333	0.46001	2.1739	1.3612	1.5179	11.566	6.8694	32.545	191.67	0.73437	0.030358	0.034586	supercritical
160.00	78.500	0.46219	2.1636	1.3594	1.5156	11.550	6.8728	32.690	191.83	0.73092	0.030470	0.034703	supercritical
160.00	78.667	0.46437	2.1534	1.3576	1.5134	11.535	6.8761	32.834	192.00	0.72747	0.030582	0.034819	supercritical
160.00	78.833	0.46656	2.1433	1.3557	1.5112	11.519	6.8794	32.976	192.17	0.72401	0.030696	0.034936	supercritical
160.00	79.000	0.46876	2.1333	1.3539	1.5090	11.503	6.8825	33.116	192.35	0.72055	0.030809	0.035052	supercritical
160.00	79.167	0.47095	2.1233	1.3521	1.5068	11.487	6.8855	33.255	192.53	0.71708	0.030923	0.035169	supercritical
160.00	79.333	0.47316	2.1135	1.3503	1.5046	11.471	6.8884	33.391	192.71	0.71360	0.031038	0.035285	supercritical
160.00	79.500	0.47536	2.1037	1.3485	1.5024	11.455	6.8912	33.525	192.90	0.71013	0.031153	0.035401	supercritical
160.00	79.667	0.47757	2.0939	1.3467	1.5002	11.440	6.8939	33.657	193.09	0.70664	0.031268	0.035517	supercritical
160.00	79.833	0.47979	2.0843	1.3449	1.4980	11.424	6.8964	33.787	193.29	0.70316	0.031384	0.035632	supercritical
160.00	80.000	0.48200	2.0747	1.3431	1.4958	11.408	6.8989	33.914	193.50	0.69967	0.031500	0.035748	supercritical
160.00	80.167	0.48422	2.0652	1.3413	1.4936	11.392	6.9012	34.039	193.71	0.69618	0.031616	0.035863	supercritical
160.00	80.333	0.48644	2.0557	1.3394	1.4914	11.377	6.9034	34.161	193.92	0.69269	0.031733	0.035977	supercritical
160.00	80.500	0.48866	2.0464	1.3376	1.4892	11.361	6.9055	34.281	194.14	0.68919	0.031851	0.036092	supercritical
160.00	80.667	0.49089	2.0371	1.3358	1.4870	11.345	6.9075	34.399	194.36	0.68570	0.031968	0.036206	supercritical
160.00	80.833	0.49312	2.0279	1.3340	1.4848	11.330	6.9093	34.513	194.59	0.68220	0.032086	0.036320	supercritical
160.00	81.000	0.49535	2.0188	1.3322	1.4827	11.314	6.9110	34.625	194.83	0.67870	0.032204	0.036434	supercritical
160.00	81.167	0.49757	2.0097	1.3304	1.4805	11.299	6.9127	34.734	195.06	0.67521	0.032323	0.036547	supercritical
160.00	81.333	0.49981	2.0008	1.3286	1.4783	11.283	6.9141	34.840	195.31	0.67171	0.032442	0.036660	supercritical
160.00	81.500	0.50204	1.9919	1.3268	1.4762	11.268	6.9155	34.943	195.56	0.66822	0.032561	0.036773	supercritical
160.00	81.667	0.50427	1.9831	1.3250	1.4740	11.252	6.9167	35.043	195.81	0.66473	0.032680	0.036885	supercritical
160.00	81.833	0.50650	1.9743	1.3232	1.4718	11.237	6.9178	35.140	196.07	0.66124	0.032800	0.036996	supercritical
160.00	82.000	0.50873	1.9657	1.3214	1.4697	11.222	6.9188	35.234	196.34	0.65775	0.032920	0.037107	supercritical
160.00	82.167	0.51096	1.9571	1.3196	1.4676	11.206	6.9197	35.324	196.61	0.65426	0.033040	0.037218	supercritical
160.00	82.333	0.51319	1.9486	1.3178	1.4654	11.191	6.9204	35.412	196.88	0.65078	0.033160	0.037328	supercritical
160.00	82.500	0.51542	1.9402	1.3160	1.4633	11.176	6.9210	35.496	197.16	0.64730	0.033281	0.037438	supercritical
160.00	82.667	0.51765	1.9318	1.3142	1.4612	11.161	6.9215	35.576	197.45	0.64383	0.033401	0.037547	supercritical
160.00	82.833	0.51987	1.9235	1.3124	1.4590	11.146	6.9219	35.654	197.74	0.64036	0.033522	0.037656	supercritical
160.00	83.000	0.52210	1.9154	1.3106	1.4569	11.131	6.9221	35.727	198.03	0.63689	0.033643	0.037764	supercritical
160.00	83.167	0.52432	1.9072	1.3089	1.4548	11.116	6.9223	35.798	198.34	0.63343	0.033764	0.037872	supercritical
160.00	83.333	0.52654	1.8992	1.3071	1.4527	11.101	6.9223	35.864	198.64	0.62998	0.033885	0.037979	supercritical
160.00	83.500	0.52875	1.8912	1.3053	1.4506	11.086	6.9221	35.927	198.95	0.62653	0.034006	0.038085	supercritical
160.00	83.667	0.53096	1.8834	1.3036	1.4486	11.071	6.9219	35.987	199.27	0.62309	0.034128	0.038191	supercritical
160.00	83.833	0.53317	1.8756	1.3018	1.4465	11.057	6.9216	36.043	199.59	0.61966	0.034249	0.038296	supercritical
160.00	84.000	0.53538	1.8678	1.3001	1.4444	11.042	6.9211	36.095	199.92	0.61624	0.034371	0.038400	supercritical
160.00	84.167	0.53758	1.8602	1.2983	1.4424	11.027	6.9205	36.144	200.25	0.61282	0.034492	0.038504	supercritical
160.00	84.333	0.53978	1.8526	1.2966	1.4403	11.013	6.9198	36.189	200.58	0.60941	0.034614	0.038608	supercritical
160.00	84.500	0.54197	1.8451	1.2948	1.4383	10.998	6.9190	36.230	200.93	0.60601	0.034735	0.038710	supercritical
160.00	84.667	0.54416	1.8377	1.2931	1.4363	10.984	6.9180	36.268	201.27	0.60262	0.034857	0.038812	supercritical
160.00	84.833	0.54634	1.8304	1.2914	1.4342	10.969	6.9170	36.301	201.62	0.59923	0.034978	0.038913	supercritical
160.00	85.000	0.54852	1.8231	1.2896	1.4322	10.955	6.9159	36.331	201.98	0.59586	0.035100	0.039014	supercritical
160.00	85.167	0.55069	1.8159	1.2879	1.4302	10.941	6.9146	36.358	202.34	0.59250	0.035221	0.039113	supercritical
160.00	85.333	0.55286	1.8088	1.2862	1.4282	10.927	6.9133	36.381	202.70	0.58915	0.035342	0.039213	supercritical
160.00	85.500	0.55502	1.8017	1.2845	1.4263	10.912	6.9118	36.400	203.07	0.58581	0.035464	0.039311	supercritical
160.00	85.667	0.55717	1.7948	1.2828	1.4243	10.898	6.9102	36.415	203.45	0.58248	0.035585	0.039409	supercritical
160.00	85.833	0.55932	1.7879	1.2811	1.4223	10.884	6.9086	36.427	203.83	0.57916	0.035706	0.039505	supercritical
160.00	86.000	0.56146	1.7811	1.2794	1.4204	10.871	6.9068	36.435	204.21	0.57586	0.035827	0.039602	supercritical
160.00	86.167	0.56359	1.7743	1.2778	1.4185	10.857	6.9050	36.439	204.60	0.57256	0.035947	0.039697	supercritical
160.00	86.333	0.56571	1.7677	1.2761	1.4165	10.843	6.9030	36.440	204.99	0.56928	0.036068	0.039792	supercritical
160.00	86.500	0.56783	1.7611	1.2744	1.4146	10.829	6.9010	36.438	205.39	0.56601	0.036188	0.039886	supercritical
160.00	86.667	0.56994	1.7546	1.2728	1.4127	10.816	6.8989	36.432	205.79	0.56276	0.036308	0.039979	supercritical
160.00	86.833	0.57204	1.7481	1.2711	1.4108	10.802	6.8967	36.422	206.20	0.55952	0.036429	0.040072	supercritical
160.00	87.000	0.57414	1.7417	1.2695	1.4089	10.789	6.8944	36.409	206.61	0.55629	0.036548	0.040163	supercritical
160.00	87.167	0.57622	1.7354	1.2679	1.4071	10.776	6.8920	36.393	207.02	0.55308	0.036668	0.040254	supercritical
160.00	87.333	0.57830	1.7292	1.2662	1.4052	10.762	6.8896	36.374	207.44	0.54989	0.036787	0.040345	supercritical
160.00	87.500	0.58037	1.7231	1.2646	1.4034	10.749	6.8871	36.351	207.86	0.54670	0.036906	0.040434	supercritical
160.00	87.667	0.58242	1.7170	1.2630	1.4015	10.736	6.8845	36.325	208.28	0.54354	0.037025	0.040523	supercritical
160.00	87.833	0.58447	1.7109	1.2614	1.3997	10.723	6.8818	36.296	208.71	0.54039	0.037144	0.040611	supercritical
160.00	88.000	0.58651	1.7050	1.2598	1.3979	10.710	6.8791	36.263	209.14	0.53725	0.037262	0.040699	supercritical
160.00	88.167	0.58854	1.6991	1.2582	1.3961	10.697	6.8763	36.228	209.58	0.53413	0.037380	0.040785	supercritical
160.00	88.333	0.59057	1.6933	1.2567	1.3943	10.684	6.8735	36.190	210.02	0.53103	0.037498	0.040871	supercritical
160.00	88.500	0.59258	1.6875	1.2551	1.3925	10.672	6.8705	36.149	210.46	0.52794	0.037615	0.040957	supercritical
160.00	88.667	0.59458	1.6819	1.2536	1.3908	10.659	6.8676	36.105	210.91	0.52487	0.037732	0.041041	supercritical
160.00	88.833	0.59657	1.6763	1.2520	1.3890	10.646	6.8645	36.059	211.35	0.52182	0.037849	0.041125	supercritical
160.00	89.000	0.59855	1.6707	1.2505	1.3873	10.634	6.8615	36.009	211.81	0.51878	0.037965	0.041208	supercritical
160.00	89.167	0.60052	1.6652	1.2489	1.3856	10.622	6.8583	35.957	212.26	0.51576	0.038081	0.041291	supercritical
160.00	89.333	0.60248	1.6598	1.2474	1.3839	10.609	6.8552	35.903	212.72	0.51276	0.038197	0.041372	supercritical
160.00	89.500	0.60443	1.6545	1.2459	1.3822	10.597	6.8519	35.846	213.18	0.50978	0.038312	0.041454	supercritical
160.00	89.667	0.60637	1.6492	1.2444	1.3805	10.585	6.8487	35.787	213.64	0.50681	0.038427	0.041534	supercritical
160.00	89.833	0.60829	1.6439	1.2429	1.3788	10.573	6.8454	35.726	214.11	0.50387	0.038542	0.041614	supercritical
160.00	90.000	0.61021	1.6388	1.2414	1.3771	10.561	6.8420	35.662	214.58	0.50094	0.038656	0.041693	supercritical
160.00	90.167	0.61212	1.6337	1.2399	1.3755	10.549	6.8386	35.596	215.05	0.49803	0.038770	0.041772	supercritical
160.00	90.333	0.61401	1.6286	1.2385	1.3739	10.537	6.8352	35.529	215.52	0.49514	0.038883	0.041849	supercritical
160.00	90.500	0.61590	1.6236	1.2370	1.3722	10.526	6.8318	35.459	216.00	0.49226	0.038996	0.041927	supercritical
160.00	90.667	0.61777	1.6187	1.2356	1.3706	10.514	6.8283	35.387	216.48	0.48941	0.039108	0.042003	supercritical
160.00	90.833	0.61963	1.6139	1.2341	1.3690	10.503	6.8248	35.314	216.96	0.48657	0.039220	0.042080	supercritical
160.00	91.000	0.62148	1.6091	1.2327	1.3674	10.491	6.8212	35.239	217.44	0.48376	0.039332	0.042155	supercritical
160.00	91.167	0.62332	1.6043	1.2313	1.3659	10.480	6.8177	35.162	217.92	0.48096	0.039443	0.042230	supercritical
160.00	91.333	0.62515	1.5996	1.2299	1.3643	10.468	6.8141	35.083	218.41	0.47818	0.039554	0.042304	supercritical
160.00	91.500	0.62697	1.5950	1.2285	1.3628	10.457	6.8105	35.003	218.89	0.47542	0.039665	0.042378	supercritical
160.00	91.667	0.62877	1.5904	1.2271	1.3612	10.446	6.8069	34.922	219.38	0.47269	0.039774	0.042451	supercritical
160.00	91.833	0.63057	1.5859	1.2257	1.3597	10.435	6.8033	34.839	219.87	0.46997	0.039884	0.042524	supercritical
160.00	92.000	0.63235	1.5814	1.2243	1.3582	10.424	6.7996	34.755	220.37	0.46727	0.039993	0.042596	supercritical
160.00	92.167	0.63412	1.5770	1.2230	1.3567	10.413	6.7960	34.670	220.86	0.46458	0.040101	0.042668	supercritical
160.00	92.333	0.63588	1.5726	1.2216	1.3552	10.402	6.7923	34.583	221.36	0.46192	0.040210	0.042739	supercritical
160.00	92.500	0.63763	1.5683	1.2203	1.3537	10.392	6.7886	34.496	221.85	0.45928	0.040317	0.042809	supercritical
160.00	92.667	0.63937	1.5640	1.2189	1.3523	10.381	6.7849	34.407	222.35	0.45666	0.040424	0.042879	supercritical
160.00	92.833	0.64110	1.5598	1.2176	1.3508	10.371	6.7812	34.317	222.85	0.45406	0.040531	0.042949	supercritical
160.00	93.000	0.64281	1.5557	1.2163	1.3494	10.360	6.7775	34.227	223.35	0.45147	0.040637	0.043018	supercritical
160.00	93.167	0.64452	1.5515	1.2150	1.3480	10.350	6.7738	34.136	223.85	0.44891	0.040743	0.043087	supercritical
160.00	93.333	0.64621	1.5475	1.2137	1.3466	10.339	6.7701	34.044	224.35	0.44637	0.040848	0.043155	supercritical
160.00	93.500	0.64789	1.5435	1.2124	1.3452	10.329	6.7664	33.951	224.85	0.44384	0.040953	0.043223	supercritical
160.00	93.667	0.64956	1.5395	1.2111	1.3438	10.319	6.7627	33.858	225.35	0.44134	0.041058	0.043290	supercritical
160.00	93.833	0.65122	1.5356	1.2098	1.3424	10.309	6.7590	33.764	225.86	0.43885	0.041161	0.043357	supercritical
160.00	94.000	0.65287	1.5317	1.2085	1.3410	10.299	6.7554	33.669	226.36	0.43638	0.041265	0.043423	supercritical
160.00	94.167	0.65451	1.5279	1.2073	1.3397	10.289	6.7517	33.574	226.87	0.43394	0.041368	0.043490	supercritical
160.00	94.333	0.65613	1.5241	1.2060	1.3383	10.279	6.7480	33.479	227.37	0.43151	0.041470	0.043555	supercritical
160.00	94.500	0.65775	1.5203	1.2048	1.3370	10.269	6.7443	33.383	227.88	0.42910	0.041572	0.043620	supercritical
160.00	94.667	0.65935	1.5166	1.2036	1.3357	10.260	6.7406	33.287	228.38	0.42671	0.041674	0.043685	supercritical
160.00	94.833	0.66095	1.5130	1.2023	1.3344	10.250	6.7370	33.190	228.89	0.42434	0.041775	0.043750	supercritical
160.00	95.000	0.66253	1.5094	1.2011	1.3331	10.240	6.7333	33.093	229.40	0.42199	0.041875	0.043814	supercritical
160.00	95.167	0.66410	1.5058	1.1999	1.3318	10.231	6.7297	32.996	229.90	0.41966	0.041975	0.043877	supercritical
160.00	95.333	0.66566	1.5023	1.1987	1.3305	10.221	6.7260	32.899	230.41	0.41734	0.042075	0.043941	supercritical
160.00	95.500	0.66721	1.4988	1.1975	1.3292	10.212	6.7224	32.802	230.92	0.41505	0.042174	0.044004	supercritical
160.00	95.667	0.66875	1.4953	1.1963	1.3280	10.203	6.7188	32.705	231.43	0.41277	0.042273	0.044066	supercritical
160.00	95.833	0.67028	1.4919	1.1952	1.3267	10.194	6.7152	32.607	231.93	0.41052	0.042371	0.044128	supercritical
160.00	96.000	0.67180	1.4885	1.1940	1.3255	10.184	6.7117	32.510	232.44	0.40828	0.042468	0.044190	supercritical
160.00	96.167	0.67331	1.4852	1.1928	1.3243	10.175	6.7081	32.412	232.95	0.40606	0.042566	0.044252	supercritical
160.00	96.333	0.67481	1.4819	1.1917	1.3231	10.166	6.7046	32.315	233.45	0.40385	0.042662	0.044313	supercritical
160.00	96.500	0.67630	1.4786	1.1906	1.3219	10.157	6.7010	32.218	233.96	0.40167	0.042759	0.044374	supercritical
160.00	96.667	0.67777	1.4754	1.1894	1.3207	10.149	6.6975	32.121	234.47	0.39950	0.042854	0.044435	supercritical
160.00	96.833	0.67924	1.4722	1.1883	1.3195	10.140	6.6940	32.024	234.97	0.39735	0.042950	0.044495	supercritical
160.00	97.000	0.68070	1.4691	1.1872	1.3183	10.131	6.6905	31.927	235.48	0.39522	0.043045	0.044555	supercritical
160.00	97.167	0.68215	1.4660	1.1861	1.3171	10.122	6.6871	31.830	235.98	0.39311	0.043139	0.044615	supercritical
160.00	97.333	0.68359	1.4629	1.1850	1.3160	10.114	6.6836	31.734	236.49	0.39101	0.043233	0.044674	supercritical
160.00	97.500	0.68502	1.4598	1.1839	1.3148	10.105	6.6802	31.638	236.99	0.38894	0.043327	0.044733	supercritical
160.00	97.667	0.68644	1.4568	1.1828	1.3137	10.097	6.6768	31.542	237.50	0.38687	0.043420	0.044792	supercritical
160.00	97.833	0.68785	1.4538	1.1817	1.3126	10.088	6.6734	31.446	238.00	0.38483	0.043512	0.044851	supercritical
160.00	98.000	0.68925	1.4509	1.1806	1.3115	10.080	6.6701	31.351	238.51	0.38280	0.043604	0.044909	supercritical
160.00	98.167	0.69064	1.4479	1.1796	1.3104	10.072	6.6668	31.256	239.01	0.38079	0.043696	0.044967	supercritical
160.00	98.333	0.69202	1.4450	1.1785	1.3093	10.063	6.6634	31.161	239.51	0.37880	0.043787	0.045025	supercritical
160.00	98.500	0.69339	1.4422	1.1775	1.3082	10.055	6.6601	31.067	240.01	0.37682	0.043878	0.045082	supercritical
160.00	98.667	0.69475	1.4394	1.1764	1.3071	10.047	6.6569	30.973	240.51	0.37486	0.043969	0.045139	supercritical
160.00	98.833	0.69611	1.4366	1.1754	1.3060	10.039	6.6536	30.879	241.01	0.37292	0.044059	0.045196	supercritical
160.00	99.000	0.69745	1.4338	1.1744	1.3050	10.031	6.6504	30.786	241.51	0.37099	0.044148	0.045253	supercritical
160.00	99.167	0.69879	1.4311	1.1733	1.3039	10.023	6.6472	30.693	242.01	0.36908	0.044237	0.045309	supercritical
160.00	99.333	0.70011	1.4283	1.1723	1.3029	10.015	6.6440	30.601	242.51	0.36718	0.044326	0.045366	supercritical
160.00	99.500	0.70143	1.4257	1.1713	1.3018	10.007	6.6408	30.509	243.01	0.36530	0.044414	0.045422	supercritical
160.00	99.667	0.70274	1.4230	1.1703	1.3008	9.9995	6.6377	30.418	243.50	0.36344	0.044502	0.045477	supercritical
160.00	99.833	0.70404	1.4204	1.1693	1.2998	9.9917	6.6346	30.327	244.00	0.36159	0.044589	0.045533	supercritical
160.00	100.00	0.70534	1.4178	1.1683	1.2988	9.9841	6.6315	30.236	244.49	0.35975	0.044676	0.045588	supercritical
