Temperature (K)	Pressure (atm)	Density (g/ml)	Volume (ml/g)	Internal Energy (kcal/mol)	Enthalpy (kcal/mol)	Entropy (cal/mol*K)	Cv (cal/mol*K)	Cp (cal/mol*K)	Sound Spd. (m/s)	Joule-Thomson (F/atm)	Viscosity (cP)	Therm. Cond. (W/m*K)	Phase
180.00	0.0000	0.0000	infinite	1.9076	2.2653	-2.3900e+06	5.0535	7.0407	234.26	undefined	0.014849	0.015743	vapor
180.00	0.16667	0.00042897	2331.1	1.9072	2.2647	27.565	5.0555	7.0473	234.20	0.92961	0.014854	0.015762	vapor
180.00	0.33333	0.00085839	1165.0	1.9067	2.2641	26.185	5.0575	7.0540	234.14	0.92974	0.014859	0.015780	vapor
180.00	0.50000	0.0012883	776.24	1.9063	2.2635	25.377	5.0595	7.0608	234.09	0.92986	0.014864	0.015798	vapor
180.00	0.66667	0.0017186	581.88	1.9059	2.2629	24.803	5.0615	7.0675	234.03	0.92998	0.014869	0.015816	vapor
180.00	0.83333	0.0021493	465.26	1.9055	2.2622	24.357	5.0635	7.0743	233.97	0.93010	0.014874	0.015834	vapor
180.00	1.0000	0.0025806	387.51	1.9051	2.2616	23.993	5.0655	7.0810	233.92	0.93021	0.014880	0.015853	vapor
180.00	1.1667	0.0030122	331.98	1.9046	2.2610	23.684	5.0675	7.0878	233.86	0.93033	0.014885	0.015871	vapor
180.00	1.3333	0.0034444	290.33	1.9042	2.2604	23.416	5.0695	7.0946	233.80	0.93044	0.014890	0.015889	vapor
180.00	1.5000	0.0038769	257.94	1.9038	2.2598	23.180	5.0715	7.1014	233.74	0.93055	0.014896	0.015907	vapor
180.00	1.6667	0.0043100	232.02	1.9034	2.2592	22.968	5.0735	7.1082	233.69	0.93065	0.014901	0.015926	vapor
180.00	1.8333	0.0047435	210.82	1.9029	2.2586	22.776	5.0755	7.1151	233.63	0.93076	0.014907	0.015944	vapor
180.00	2.0000	0.0051774	193.15	1.9025	2.2580	22.601	5.0775	7.1220	233.57	0.93086	0.014913	0.015962	vapor
180.00	2.1667	0.0056119	178.19	1.9021	2.2573	22.440	5.0795	7.1288	233.51	0.93096	0.014918	0.015980	vapor
180.00	2.3333	0.0060468	165.38	1.9017	2.2567	22.290	5.0815	7.1357	233.45	0.93106	0.014924	0.015999	vapor
180.00	2.5000	0.0064821	154.27	1.9012	2.2561	22.151	5.0835	7.1426	233.40	0.93116	0.014930	0.016017	vapor
180.00	2.6667	0.0069179	144.55	1.9008	2.2555	22.020	5.0855	7.1496	233.34	0.93125	0.014936	0.016035	vapor
180.00	2.8333	0.0073542	135.98	1.9004	2.2549	21.897	5.0875	7.1565	233.28	0.93134	0.014942	0.016053	vapor
180.00	3.0000	0.0077910	128.35	1.8999	2.2543	21.781	5.0895	7.1635	233.22	0.93143	0.014948	0.016072	vapor
180.00	3.1667	0.0082282	121.53	1.8995	2.2536	21.671	5.0915	7.1704	233.16	0.93152	0.014954	0.016090	vapor
180.00	3.3333	0.0086659	115.39	1.8991	2.2530	21.567	5.0934	7.1774	233.11	0.93161	0.014960	0.016108	vapor
180.00	3.5000	0.0091041	109.84	1.8987	2.2524	21.468	5.0954	7.1844	233.05	0.93169	0.014966	0.016127	vapor
180.00	3.6667	0.0095428	104.79	1.8982	2.2518	21.373	5.0974	7.1915	232.99	0.93177	0.014973	0.016145	vapor
180.00	3.8333	0.0099819	100.18	1.8978	2.2512	21.282	5.0994	7.1985	232.93	0.93185	0.014979	0.016163	vapor
180.00	4.0000	0.010422	95.955	1.8974	2.2505	21.195	5.1014	7.2056	232.87	0.93192	0.014986	0.016182	vapor
180.00	4.1667	0.010862	92.067	1.8969	2.2499	21.111	5.1034	7.2127	232.81	0.93200	0.014992	0.016200	vapor
180.00	4.3333	0.011302	88.478	1.8965	2.2493	21.031	5.1054	7.2197	232.75	0.93207	0.014999	0.016218	vapor
180.00	4.5000	0.011743	85.155	1.8961	2.2487	20.954	5.1074	7.2269	232.69	0.93214	0.015005	0.016237	vapor
180.00	4.6667	0.012185	82.069	1.8956	2.2481	20.879	5.1094	7.2340	232.64	0.93221	0.015012	0.016255	vapor
180.00	4.8333	0.012627	79.196	1.8952	2.2474	20.807	5.1114	7.2411	232.58	0.93227	0.015019	0.016274	vapor
180.00	5.0000	0.013069	76.515	1.8948	2.2468	20.737	5.1133	7.2483	232.52	0.93234	0.015026	0.016292	vapor
180.00	5.1667	0.013512	74.006	1.8943	2.2462	20.669	5.1153	7.2555	232.46	0.93240	0.015033	0.016310	vapor
180.00	5.3333	0.013956	71.654	1.8939	2.2456	20.604	5.1173	7.2627	232.40	0.93245	0.015040	0.016329	vapor
180.00	5.5000	0.014400	69.445	1.8935	2.2449	20.540	5.1193	7.2699	232.34	0.93251	0.015047	0.016347	vapor
180.00	5.6667	0.014844	67.365	1.8930	2.2443	20.479	5.1213	7.2771	232.28	0.93256	0.015054	0.016366	vapor
180.00	5.8333	0.015289	65.405	1.8926	2.2437	20.419	5.1233	7.2844	232.22	0.93262	0.015061	0.016384	vapor
180.00	6.0000	0.015735	63.553	1.8922	2.2430	20.360	5.1253	7.2917	232.16	0.93267	0.015068	0.016402	vapor
180.00	6.1667	0.016181	61.801	1.8917	2.2424	20.303	5.1272	7.2989	232.10	0.93271	0.015075	0.016421	vapor
180.00	6.3333	0.016627	60.142	1.8913	2.2418	20.248	5.1292	7.3062	232.05	0.93276	0.015083	0.016439	vapor
180.00	6.5000	0.017074	58.567	1.8908	2.2411	20.194	5.1312	7.3136	231.99	0.93280	0.015090	0.016458	vapor
180.00	6.6667	0.017522	57.071	1.8904	2.2405	20.141	5.1332	7.3209	231.93	0.93284	0.015098	0.016476	vapor
180.00	6.8333	0.017970	55.649	1.8900	2.2399	20.089	5.1352	7.3283	231.87	0.93288	0.015105	0.016495	vapor
180.00	7.0000	0.018418	54.293	1.8895	2.2393	20.039	5.1371	7.3357	231.81	0.93291	0.015113	0.016513	vapor
180.00	7.1667	0.018867	53.001	1.8891	2.2386	19.990	5.1391	7.3431	231.75	0.93295	0.015120	0.016532	vapor
180.00	7.3333	0.019317	51.768	1.8887	2.2380	19.942	5.1411	7.3505	231.69	0.93298	0.015128	0.016550	vapor
180.00	7.5000	0.019767	50.589	1.8882	2.2373	19.895	5.1431	7.3579	231.63	0.93301	0.015136	0.016569	vapor
180.00	7.6667	0.020218	49.462	1.8878	2.2367	19.848	5.1451	7.3654	231.57	0.93304	0.015144	0.016587	vapor
180.00	7.8333	0.020669	48.382	1.8873	2.2361	19.803	5.1470	7.3728	231.51	0.93306	0.015152	0.016606	vapor
180.00	8.0000	0.021120	47.348	1.8869	2.2354	19.759	5.1490	7.3803	231.45	0.93308	0.015160	0.016624	vapor
180.00	8.1667	0.021572	46.356	1.8864	2.2348	19.715	5.1510	7.3878	231.39	0.93310	0.015168	0.016643	vapor
180.00	8.3333	0.022025	45.403	1.8860	2.2342	19.673	5.1530	7.3954	231.33	0.93312	0.015176	0.016662	vapor
180.00	8.5000	0.022478	44.488	1.8856	2.2335	19.631	5.1550	7.4029	231.27	0.93313	0.015184	0.016680	vapor
180.00	8.6667	0.022932	43.607	1.8851	2.2329	19.590	5.1569	7.4105	231.21	0.93315	0.015193	0.016699	vapor
180.00	8.8333	0.023386	42.761	1.8847	2.2322	19.549	5.1589	7.4181	231.15	0.93316	0.015201	0.016717	vapor
180.00	9.0000	0.023841	41.945	1.8842	2.2316	19.510	5.1609	7.4257	231.09	0.93317	0.015209	0.016736	vapor
180.00	9.1667	0.024296	41.159	1.8838	2.2310	19.471	5.1629	7.4333	231.03	0.93317	0.015218	0.016755	vapor
180.00	9.3333	0.024752	40.401	1.8833	2.2303	19.433	5.1648	7.4409	230.97	0.93318	0.015226	0.016773	vapor
180.00	9.5000	0.025208	39.670	1.8829	2.2297	19.395	5.1668	7.4486	230.92	0.93318	0.015235	0.016792	vapor
180.00	9.6667	0.025665	38.964	1.8824	2.2290	19.358	5.1688	7.4563	230.86	0.93318	0.015243	0.016810	vapor
180.00	9.8333	0.026122	38.281	1.8820	2.2284	19.321	5.1708	7.4640	230.80	0.93317	0.015252	0.016829	vapor
180.00	10.000	0.026580	37.622	1.8815	2.2277	19.285	5.1727	7.4717	230.74	0.93317	0.015261	0.016848	vapor
180.00	10.167	0.027039	36.984	1.8811	2.2271	19.250	5.1747	7.4795	230.68	0.93316	0.015270	0.016866	vapor
180.00	10.333	0.027498	36.367	1.8807	2.2264	19.215	5.1767	7.4872	230.62	0.93315	0.015279	0.016885	vapor
180.00	10.500	0.027957	35.769	1.8802	2.2258	19.181	5.1786	7.4950	230.56	0.93314	0.015288	0.016904	vapor
180.00	10.667	0.028417	35.190	1.8798	2.2251	19.147	5.1806	7.5028	230.50	0.93312	0.015297	0.016922	vapor
180.00	10.833	0.028878	34.629	1.8793	2.2245	19.114	5.1826	7.5107	230.44	0.93310	0.015306	0.016941	vapor
180.00	11.000	0.029339	34.084	1.8789	2.2239	19.081	5.1846	7.5185	230.38	0.93308	0.015315	0.016960	vapor
180.00	11.167	0.029801	33.556	1.8784	2.2232	19.048	5.1865	7.5264	230.32	0.93306	0.015324	0.016979	vapor
180.00	11.333	0.030263	33.044	1.8779	2.2226	19.016	5.1885	7.5343	230.26	0.93304	0.015333	0.016997	vapor
180.00	11.500	0.030726	32.546	1.8775	2.2219	18.985	5.1905	7.5422	230.20	0.93301	0.015343	0.017016	vapor
180.00	11.667	0.031189	32.063	1.8770	2.2212	18.954	5.1925	7.5501	230.14	0.93298	0.015352	0.017035	vapor
180.00	11.833	0.031653	31.593	1.8766	2.2206	18.923	5.1944	7.5580	230.08	0.93295	0.015362	0.017054	vapor
180.00	12.000	0.032117	31.136	1.8761	2.2199	18.893	5.1964	7.5660	230.02	0.93292	0.015371	0.017072	vapor
180.00	12.167	0.032582	30.691	1.8757	2.2193	18.863	5.1984	7.5740	229.96	0.93288	0.015381	0.017091	vapor
180.00	12.333	0.033048	30.259	1.8752	2.2186	18.833	5.2003	7.5820	229.90	0.93284	0.015390	0.017110	vapor
180.00	12.500	0.033514	29.838	1.8748	2.2180	18.804	5.2023	7.5901	229.84	0.93280	0.015400	0.017129	vapor
180.00	12.667	0.033981	29.428	1.8743	2.2173	18.775	5.2043	7.5981	229.79	0.93276	0.015410	0.017148	vapor
180.00	12.833	0.034448	29.029	1.8739	2.2167	18.746	5.2062	7.6062	229.73	0.93271	0.015420	0.017167	vapor
180.00	13.000	0.034916	28.640	1.8734	2.2160	18.718	5.2082	7.6143	229.67	0.93266	0.015430	0.017185	vapor
180.00	13.167	0.035384	28.261	1.8729	2.2154	18.690	5.2102	7.6224	229.61	0.93261	0.015440	0.017204	vapor
180.00	13.333	0.035853	27.892	1.8725	2.2147	18.663	5.2121	7.6306	229.55	0.93256	0.015450	0.017223	vapor
180.00	13.500	0.036322	27.531	1.8720	2.2140	18.635	5.2141	7.6387	229.49	0.93251	0.015460	0.017242	vapor
180.00	13.667	0.036793	27.179	1.8716	2.2134	18.608	5.2161	7.6469	229.43	0.93245	0.015470	0.017261	vapor
180.00	13.833	0.037263	26.836	1.8711	2.2127	18.582	5.2181	7.6551	229.37	0.93239	0.015480	0.017280	vapor
180.00	14.000	0.037734	26.501	1.8707	2.2121	18.555	5.2200	7.6633	229.31	0.93233	0.015490	0.017299	vapor
180.00	14.167	0.038206	26.174	1.8702	2.2114	18.529	5.2220	7.6716	229.25	0.93226	0.015501	0.017318	vapor
180.00	14.333	0.038678	25.854	1.8697	2.2107	18.503	5.2240	7.6799	229.19	0.93220	0.015511	0.017337	vapor
180.00	14.500	0.039151	25.542	1.8693	2.2101	18.478	5.2259	7.6882	229.14	0.93213	0.015522	0.017356	vapor
180.00	14.667	0.039625	25.237	1.8688	2.2094	18.452	5.2279	7.6965	229.08	0.93206	0.015532	0.017374	vapor
180.00	14.833	0.040099	24.938	1.8683	2.2087	18.427	5.2299	7.7048	229.02	0.93198	0.015543	0.017393	vapor
180.00	15.000	0.040574	24.647	1.8679	2.2081	18.403	5.2318	7.7132	228.96	0.93190	0.015554	0.017412	vapor
180.00	15.167	0.041049	24.361	1.8674	2.2074	18.378	5.2338	7.7216	228.90	0.93183	0.015564	0.017431	vapor
180.00	15.333	0.041525	24.082	1.8670	2.2067	18.354	5.2358	7.7300	228.84	0.93174	0.015575	0.017450	vapor
180.00	15.500	0.042001	23.809	1.8665	2.2061	18.330	5.2377	7.7384	228.78	0.93166	0.015586	0.017469	vapor
180.00	15.667	0.042478	23.542	1.8660	2.2054	18.306	5.2397	7.7469	228.73	0.93158	0.015597	0.017489	vapor
180.00	15.833	0.042955	23.280	1.8656	2.2047	18.282	5.2417	7.7554	228.67	0.93149	0.015608	0.017508	vapor
180.00	16.000	0.043434	23.024	1.8651	2.2041	18.259	5.2436	7.7639	228.61	0.93140	0.015619	0.017527	vapor
180.00	16.167	0.043912	22.773	1.8646	2.2034	18.235	5.2456	7.7724	228.55	0.93130	0.015630	0.017546	vapor
180.00	16.333	0.044392	22.527	1.8642	2.2027	18.212	5.2476	7.7809	228.49	0.93121	0.015641	0.017565	vapor
180.00	16.500	0.044872	22.286	1.8637	2.2021	18.189	5.2495	7.7895	228.43	0.93111	0.015652	0.017584	vapor
180.00	16.667	0.045352	22.050	1.8632	2.2014	18.167	5.2515	7.7981	228.38	0.93101	0.015664	0.017603	vapor
180.00	16.833	0.045833	21.818	1.8628	2.2007	18.144	5.2535	7.8067	228.32	0.93091	0.015675	0.017622	vapor
180.00	17.000	0.046315	21.591	1.8623	2.2000	18.122	5.2554	7.8154	228.26	0.93080	0.015686	0.017641	vapor
180.00	17.167	0.046797	21.369	1.8618	2.1994	18.100	5.2574	7.8240	228.20	0.93070	0.015698	0.017660	vapor
180.00	17.333	0.047280	21.151	1.8613	2.1987	18.078	5.2594	7.8327	228.14	0.93059	0.015709	0.017680	vapor
180.00	17.500	0.047764	20.936	1.8609	2.1980	18.057	5.2613	7.8414	228.09	0.93047	0.015721	0.017699	vapor
180.00	17.667	0.048248	20.726	1.8604	2.1973	18.035	5.2633	7.8502	228.03	0.93036	0.015733	0.017718	vapor
180.00	17.833	0.048732	20.520	1.8599	2.1967	18.014	5.2653	7.8589	227.97	0.93024	0.015744	0.017737	vapor
180.00	18.000	0.049218	20.318	1.8595	2.1960	17.993	5.2672	7.8677	227.91	0.93012	0.015756	0.017756	vapor
180.00	18.167	0.049704	20.119	1.8590	2.1953	17.972	5.2692	7.8765	227.86	0.93000	0.015768	0.017776	vapor
180.00	18.333	0.050190	19.924	1.8585	2.1946	17.951	5.2712	7.8854	227.80	0.92988	0.015780	0.017795	vapor
180.00	18.500	0.050677	19.733	1.8580	2.1939	17.930	5.2731	7.8942	227.74	0.92975	0.015792	0.017814	vapor
180.00	18.667	0.051165	19.545	1.8576	2.1933	17.910	5.2751	7.9031	227.68	0.92962	0.015804	0.017833	vapor
180.00	18.833	0.051653	19.360	1.8571	2.1926	17.889	5.2771	7.9120	227.63	0.92949	0.015816	0.017853	vapor
180.00	19.000	0.052142	19.178	1.8566	2.1919	17.869	5.2790	7.9210	227.57	0.92936	0.015828	0.017872	vapor
180.00	19.167	0.052632	19.000	1.8561	2.1912	17.849	5.2810	7.9299	227.51	0.92922	0.015840	0.017891	vapor
180.00	19.333	0.053122	18.825	1.8556	2.1905	17.829	5.2830	7.9389	227.46	0.92908	0.015852	0.017911	vapor
180.00	19.500	0.053613	18.652	1.8552	2.1899	17.809	5.2849	7.9479	227.40	0.92894	0.015865	0.017930	vapor
180.00	19.667	0.054105	18.483	1.8547	2.1892	17.790	5.2869	7.9570	227.34	0.92880	0.015877	0.017949	vapor
180.00	19.833	0.054597	18.316	1.8542	2.1885	17.770	5.2889	7.9660	227.29	0.92865	0.015890	0.017969	vapor
180.00	20.000	0.055089	18.152	1.8537	2.1878	17.751	5.2908	7.9751	227.23	0.92850	0.015902	0.017988	vapor
180.00	20.167	0.055583	17.991	1.8533	2.1871	17.732	5.2928	7.9842	227.17	0.92835	0.015915	0.018007	vapor
180.00	20.333	0.056077	17.833	1.8528	2.1864	17.713	5.2948	7.9934	227.12	0.92820	0.015927	0.018027	vapor
180.00	20.500	0.056571	17.677	1.8523	2.1857	17.694	5.2967	8.0025	227.06	0.92805	0.015940	0.018046	vapor
180.00	20.667	0.057066	17.523	1.8518	2.1851	17.675	5.2987	8.0117	227.00	0.92789	0.015953	0.018066	vapor
180.00	20.833	0.057562	17.373	1.8513	2.1844	17.656	5.3007	8.0209	226.95	0.92773	0.015966	0.018085	vapor
180.00	21.000	0.058059	17.224	1.8508	2.1837	17.638	5.3026	8.0302	226.89	0.92757	0.015978	0.018105	vapor
180.00	21.167	0.058556	17.078	1.8504	2.1830	17.619	5.3046	8.0395	226.84	0.92740	0.015991	0.018124	vapor
180.00	21.333	0.059053	16.934	1.8499	2.1823	17.601	5.3065	8.0488	226.78	0.92724	0.016004	0.018144	vapor
180.00	21.500	0.059552	16.792	1.8494	2.1816	17.583	5.3085	8.0581	226.72	0.92707	0.016017	0.018163	vapor
180.00	21.667	0.060051	16.653	1.8489	2.1809	17.565	5.3105	8.0674	226.67	0.92689	0.016031	0.018183	vapor
180.00	21.833	0.060550	16.515	1.8484	2.1802	17.547	5.3124	8.0768	226.61	0.92672	0.016044	0.018202	vapor
180.00	22.000	0.061051	16.380	1.8479	2.1795	17.529	5.3144	8.0862	226.56	0.92654	0.016057	0.018222	vapor
180.00	22.167	0.061552	16.247	1.8474	2.1788	17.511	5.3164	8.0956	226.50	0.92636	0.016070	0.018241	vapor
180.00	22.333	0.062053	16.115	1.8470	2.1781	17.493	5.3183	8.1051	226.45	0.92618	0.016084	0.018261	vapor
180.00	22.500	0.062555	15.986	1.8465	2.1774	17.476	5.3203	8.1146	226.39	0.92600	0.016097	0.018280	vapor
180.00	22.667	0.063058	15.858	1.8460	2.1767	17.458	5.3223	8.1241	226.34	0.92581	0.016110	0.018300	vapor
180.00	22.833	0.063562	15.733	1.8455	2.1760	17.441	5.3243	8.1336	226.28	0.92563	0.016124	0.018320	vapor
180.00	23.000	0.064066	15.609	1.8450	2.1754	17.424	5.3262	8.1432	226.23	0.92543	0.016138	0.018339	vapor
180.00	23.167	0.064571	15.487	1.8445	2.1747	17.407	5.3282	8.1528	226.17	0.92524	0.016151	0.018359	vapor
180.00	23.333	0.065076	15.367	1.8440	2.1740	17.390	5.3302	8.1624	226.12	0.92505	0.016165	0.018379	vapor
180.00	23.500	0.065582	15.248	1.8435	2.1733	17.373	5.3321	8.1720	226.06	0.92485	0.016179	0.018398	vapor
180.00	23.667	0.066089	15.131	1.8430	2.1726	17.356	5.3341	8.1817	226.01	0.92465	0.016193	0.018418	vapor
180.00	23.833	0.066597	15.016	1.8425	2.1719	17.339	5.3361	8.1914	225.96	0.92445	0.016207	0.018438	vapor
180.00	24.000	0.067105	14.902	1.8421	2.1712	17.322	5.3380	8.2011	225.90	0.92424	0.016221	0.018457	vapor
180.00	24.167	0.067613	14.790	1.8416	2.1705	17.306	5.3400	8.2109	225.85	0.92403	0.016235	0.018477	vapor
180.00	24.333	0.068123	14.679	1.8411	2.1697	17.289	5.3420	8.2207	225.79	0.92382	0.016249	0.018497	vapor
180.00	24.500	0.068633	14.570	1.8406	2.1690	17.273	5.3439	8.2305	225.74	0.92361	0.016263	0.018517	vapor
180.00	24.667	0.069144	14.463	1.8401	2.1683	17.257	5.3459	8.2403	225.69	0.92340	0.016277	0.018537	vapor
180.00	24.833	0.069655	14.356	1.8396	2.1676	17.241	5.3479	8.2502	225.63	0.92318	0.016291	0.018556	vapor
180.00	25.000	0.070167	14.252	1.8391	2.1669	17.225	5.3498	8.2601	225.58	0.92296	0.016306	0.018576	vapor
180.00	25.167	0.070680	14.148	1.8386	2.1662	17.208	5.3518	8.2700	225.53	0.92274	0.016320	0.018596	vapor
180.00	25.333	0.071193	14.046	1.8381	2.1655	17.193	5.3538	8.2800	225.47	0.92252	0.016334	0.018616	vapor
180.00	25.500	0.071707	13.946	1.8376	2.1648	17.177	5.3557	8.2900	225.42	0.92229	0.016349	0.018636	vapor
180.00	25.667	0.072222	13.846	1.8371	2.1641	17.161	5.3577	8.3000	225.37	0.92206	0.016364	0.018656	vapor
180.00	25.833	0.072738	13.748	1.8366	2.1634	17.145	5.3597	8.3100	225.31	0.92183	0.016378	0.018676	vapor
180.00	26.000	0.073254	13.651	1.8361	2.1627	17.130	5.3616	8.3201	225.26	0.92160	0.016393	0.018696	vapor
180.00	26.167	0.073770	13.556	1.8356	2.1620	17.114	5.3636	8.3302	225.21	0.92136	0.016408	0.018716	vapor
180.00	26.333	0.074288	13.461	1.8351	2.1613	17.099	5.3656	8.3404	225.16	0.92113	0.016422	0.018736	vapor
180.00	26.500	0.074806	13.368	1.8346	2.1605	17.083	5.3676	8.3505	225.10	0.92089	0.016437	0.018756	vapor
180.00	26.667	0.075325	13.276	1.8341	2.1598	17.068	5.3695	8.3607	225.05	0.92064	0.016452	0.018776	vapor
180.00	26.833	0.075844	13.185	1.8336	2.1591	17.053	5.3715	8.3709	225.00	0.92040	0.016467	0.018796	vapor
180.00	27.000	0.076365	13.095	1.8331	2.1584	17.038	5.3735	8.3812	224.95	0.92015	0.016482	0.018816	vapor
180.00	27.167	0.076885	13.006	1.8326	2.1577	17.022	5.3754	8.3915	224.90	0.91990	0.016497	0.018836	vapor
180.00	27.333	0.077407	12.919	1.8321	2.1570	17.007	5.3774	8.4018	224.85	0.91965	0.016513	0.018856	vapor
180.00	27.500	0.077929	12.832	1.8315	2.1563	16.992	5.3794	8.4121	224.79	0.91940	0.016528	0.018876	vapor
180.00	27.667	0.078452	12.747	1.8310	2.1555	16.978	5.3813	8.4225	224.74	0.91914	0.016543	0.018896	vapor
180.00	27.833	0.078976	12.662	1.8305	2.1548	16.963	5.3833	8.4329	224.69	0.91888	0.016558	0.018916	vapor
180.00	28.000	0.079500	12.579	1.8300	2.1541	16.948	5.3853	8.4433	224.64	0.91862	0.016574	0.018936	vapor
180.00	28.167	0.080025	12.496	1.8295	2.1534	16.933	5.3873	8.4538	224.59	0.91836	0.016589	0.018956	vapor
180.00	28.333	0.080551	12.415	1.8290	2.1527	16.919	5.3892	8.4643	224.54	0.91810	0.016605	0.018977	vapor
180.00	28.500	0.081077	12.334	1.8285	2.1520	16.904	5.3912	8.4748	224.49	0.91783	0.016620	0.018997	vapor
180.00	28.667	0.081604	12.254	1.8280	2.1512	16.890	5.3932	8.4854	224.44	0.91756	0.016636	0.019017	vapor
180.00	28.833	0.082132	12.175	1.8275	2.1505	16.875	5.3951	8.4960	224.39	0.91729	0.016652	0.019037	vapor
180.00	29.000	0.082661	12.098	1.8270	2.1498	16.861	5.3971	8.5066	224.34	0.91701	0.016668	0.019057	vapor
180.00	29.167	0.083190	12.021	1.8265	2.1491	16.847	5.3991	8.5172	224.29	0.91674	0.016683	0.019078	vapor
180.00	29.333	0.083720	11.945	1.8259	2.1483	16.832	5.4011	8.5279	224.24	0.91646	0.016699	0.019098	vapor
180.00	29.500	0.084251	11.869	1.8254	2.1476	16.818	5.4030	8.5386	224.19	0.91618	0.016715	0.019118	vapor
180.00	29.667	0.084782	11.795	1.8249	2.1469	16.804	5.4050	8.5494	224.14	0.91589	0.016731	0.019139	vapor
180.00	29.833	0.085314	11.721	1.8244	2.1462	16.790	5.4070	8.5601	224.09	0.91561	0.016747	0.019159	vapor
180.00	30.000	0.085847	11.649	1.8239	2.1454	16.776	5.4090	8.5710	224.04	0.91532	0.016764	0.019179	vapor
180.00	30.167	0.086380	11.577	1.8234	2.1447	16.762	5.4109	8.5818	223.99	0.91503	0.016780	0.019200	vapor
180.00	30.333	0.086915	11.506	1.8228	2.1440	16.748	5.4129	8.5927	223.94	0.91474	0.016796	0.019220	vapor
180.00	30.500	0.087449	11.435	1.8223	2.1433	16.735	5.4149	8.6036	223.89	0.91444	0.016812	0.019241	vapor
180.00	30.667	0.087985	11.366	1.8218	2.1425	16.721	5.4168	8.6145	223.84	0.91415	0.016829	0.019261	vapor
180.00	30.833	0.088521	11.297	1.8213	2.1418	16.707	5.4188	8.6255	223.79	0.91385	0.016845	0.019281	vapor
180.00	31.000	0.089059	11.229	1.8208	2.1411	16.693	5.4208	8.6365	223.75	0.91355	0.016862	0.019302	vapor
180.00	31.167	0.089596	11.161	1.8203	2.1403	16.680	5.4228	8.6475	223.70	0.91324	0.016878	0.019322	vapor
180.00	31.333	0.090135	11.094	1.8197	2.1396	16.666	5.4247	8.6586	223.65	0.91294	0.016895	0.019343	vapor
180.00	31.500	0.090674	11.029	1.8192	2.1389	16.653	5.4267	8.6697	223.60	0.91263	0.016911	0.019363	vapor
180.00	31.667	0.091214	10.963	1.8187	2.1381	16.639	5.4287	8.6808	223.55	0.91232	0.016928	0.019384	vapor
180.00	31.833	0.091755	10.899	1.8182	2.1374	16.626	5.4307	8.6920	223.50	0.91201	0.016945	0.019405	vapor
180.00	32.000	0.092296	10.835	1.8176	2.1367	16.613	5.4326	8.7032	223.46	0.91169	0.016962	0.019425	vapor
180.00	32.167	0.092838	10.771	1.8171	2.1359	16.599	5.4346	8.7145	223.41	0.91138	0.016979	0.019446	vapor
180.00	32.333	0.093381	10.709	1.8166	2.1352	16.586	5.4366	8.7257	223.36	0.91106	0.016996	0.019466	vapor
180.00	32.500	0.093925	10.647	1.8161	2.1345	16.573	5.4386	8.7370	223.32	0.91074	0.017013	0.019487	vapor
180.00	32.667	0.094469	10.585	1.8155	2.1337	16.560	5.4405	8.7484	223.27	0.91042	0.017030	0.019508	vapor
180.00	32.833	0.095014	10.525	1.8150	2.1330	16.547	5.4425	8.7597	223.22	0.91009	0.017047	0.019529	vapor
180.00	33.000	0.095560	10.465	1.8145	2.1323	16.534	5.4445	8.7711	223.17	0.90976	0.017064	0.019549	vapor
180.00	33.167	0.096107	10.405	1.8140	2.1315	16.521	5.4465	8.7826	223.13	0.90943	0.017082	0.019570	vapor
180.00	33.333	0.096654	10.346	1.8134	2.1308	16.508	5.4484	8.7941	223.08	0.90910	0.017099	0.019591	vapor
180.00	33.500	0.097202	10.288	1.8129	2.1300	16.495	5.4504	8.8056	223.04	0.90877	0.017116	0.019612	vapor
180.00	33.667	0.097751	10.230	1.8124	2.1293	16.482	5.4524	8.8171	222.99	0.90843	0.017134	0.019632	vapor
180.00	33.833	0.098301	10.173	1.8118	2.1286	16.469	5.4544	8.8287	222.94	0.90809	0.017151	0.019653	vapor
180.00	34.000	0.098851	10.116	1.8113	2.1278	16.456	5.4564	8.8403	222.90	0.90775	0.017169	0.019674	vapor
180.00	34.167	0.099402	10.060	1.8108	2.1271	16.444	5.4583	8.8520	222.85	0.90741	0.017186	0.019695	vapor
180.00	34.333	0.099954	10.005	1.8103	2.1263	16.431	5.4603	8.8636	222.81	0.90707	0.017204	0.019716	vapor
180.00	34.500	0.10051	9.9496	1.8097	2.1256	16.418	5.4623	8.8754	222.76	0.90672	0.017222	0.019737	vapor
180.00	34.667	0.10106	9.8951	1.8092	2.1248	16.406	5.4643	8.8871	222.72	0.90637	0.017240	0.019758	vapor
180.00	34.833	0.10161	9.8412	1.8087	2.1241	16.393	5.4662	8.8989	222.67	0.90602	0.017258	0.019779	vapor
180.00	35.000	0.10217	9.7877	1.8081	2.1233	16.381	5.4682	8.9107	222.63	0.90567	0.017276	0.019800	vapor
180.00	35.167	0.10272	9.7348	1.8076	2.1226	16.368	5.4702	8.9226	222.58	0.90531	0.017294	0.019821	vapor
180.00	35.333	0.10328	9.6823	1.8070	2.1218	16.356	5.4722	8.9345	222.54	0.90496	0.017312	0.019842	vapor
180.00	35.500	0.10384	9.6304	1.8065	2.1211	16.343	5.4742	8.9464	222.49	0.90460	0.017330	0.019863	vapor
180.00	35.667	0.10440	9.5789	1.8060	2.1203	16.331	5.4761	8.9584	222.45	0.90424	0.017348	0.019884	vapor
180.00	35.833	0.10495	9.5279	1.8054	2.1196	16.319	5.4781	8.9704	222.40	0.90387	0.017366	0.019905	vapor
180.00	36.000	0.10551	9.4774	1.8049	2.1188	16.306	5.4801	8.9824	222.36	0.90351	0.017384	0.019926	vapor
180.00	36.167	0.10607	9.4274	1.8044	2.1181	16.294	5.4821	8.9945	222.32	0.90314	0.017403	0.019947	vapor
180.00	36.333	0.10664	9.3778	1.8038	2.1173	16.282	5.4840	9.0066	222.27	0.90277	0.017421	0.019968	vapor
180.00	36.500	0.10720	9.3286	1.8033	2.1166	16.270	5.4860	9.0188	222.23	0.90240	0.017440	0.019989	vapor
180.00	36.667	0.10776	9.2799	1.8027	2.1158	16.258	5.4880	9.0310	222.19	0.90203	0.017458	0.020010	vapor
180.00	36.833	0.10832	9.2317	1.8022	2.1151	16.246	5.4900	9.0432	222.14	0.90165	0.017477	0.020032	vapor
180.00	37.000	0.10889	9.1838	1.8016	2.1143	16.234	5.4920	9.0555	222.10	0.90127	0.017495	0.020053	vapor
180.00	37.167	0.10945	9.1364	1.8011	2.1136	16.222	5.4939	9.0678	222.06	0.90089	0.017514	0.020074	vapor
180.00	37.333	0.11002	9.0895	1.8006	2.1128	16.210	5.4959	9.0801	222.01	0.90051	0.017533	0.020096	vapor
180.00	37.500	0.11058	9.0429	1.8000	2.1121	16.198	5.4979	9.0925	221.97	0.90013	0.017552	0.020117	vapor
180.00	37.667	0.11115	8.9967	1.7995	2.1113	16.186	5.4999	9.1049	221.93	0.89974	0.017571	0.020138	vapor
180.00	37.833	0.11172	8.9510	1.7989	2.1105	16.174	5.5019	9.1174	221.89	0.89935	0.017590	0.020160	vapor
180.00	38.000	0.11229	8.9057	1.7984	2.1098	16.162	5.5038	9.1299	221.84	0.89896	0.017609	0.020181	vapor
180.00	38.167	0.11286	8.8607	1.7978	2.1090	16.150	5.5058	9.1424	221.80	0.89857	0.017628	0.020202	vapor
180.00	38.333	0.11343	8.8162	1.7973	2.1083	16.139	5.5078	9.1550	221.76	0.89818	0.017647	0.020224	vapor
180.00	38.500	0.11400	8.7720	1.7967	2.1075	16.127	5.5098	9.1676	221.72	0.89778	0.017666	0.020245	vapor
180.00	38.667	0.11457	8.7282	1.7962	2.1067	16.115	5.5118	9.1802	221.68	0.89738	0.017685	0.020267	vapor
180.00	38.833	0.11514	8.6848	1.7956	2.1060	16.103	5.5137	9.1929	221.64	0.89698	0.017705	0.020288	vapor
180.00	39.000	0.11572	8.6417	1.7951	2.1052	16.092	5.5157	9.2056	221.60	0.89658	0.017724	0.020310	vapor
180.00	39.167	0.11629	8.5990	1.7945	2.1044	16.080	5.5177	9.2184	221.56	0.89618	0.017743	0.020331	vapor
180.00	39.333	0.11687	8.5567	1.7940	2.1037	16.069	5.5197	9.2312	221.51	0.89577	0.017763	0.020353	vapor
180.00	39.500	0.11744	8.5148	1.7934	2.1029	16.057	5.5216	9.2440	221.47	0.89537	0.017783	0.020374	vapor
180.00	39.667	0.11802	8.4731	1.7929	2.1021	16.046	5.5236	9.2569	221.43	0.89496	0.017802	0.020396	vapor
180.00	39.833	0.11860	8.4319	1.7923	2.1014	16.034	5.5256	9.2698	221.39	0.89454	0.017822	0.020418	vapor
180.00	40.000	0.11918	8.3910	1.7918	2.1006	16.023	5.5276	9.2828	221.35	0.89413	0.017842	0.020439	vapor
180.00	40.167	0.11976	8.3504	1.7912	2.0998	16.011	5.5296	9.2958	221.31	0.89372	0.017861	0.020461	vapor
180.00	40.333	0.12034	8.3101	1.7906	2.0991	16.000	5.5315	9.3088	221.27	0.89330	0.017881	0.020483	vapor
180.00	40.500	0.12092	8.2702	1.7901	2.0983	15.989	5.5335	9.3219	221.23	0.89288	0.017901	0.020505	vapor
180.00	40.667	0.12150	8.2306	1.7895	2.0975	15.977	5.5355	9.3350	221.19	0.89246	0.017921	0.020526	vapor
180.00	40.833	0.12208	8.1913	1.7890	2.0968	15.966	5.5375	9.3482	221.15	0.89203	0.017941	0.020548	vapor
180.00	41.000	0.12266	8.1524	1.7884	2.0960	15.955	5.5395	9.3614	221.12	0.89161	0.017961	0.020570	vapor
180.00	41.167	0.12325	8.1137	1.7879	2.0952	15.944	5.5414	9.3746	221.08	0.89118	0.017981	0.020592	vapor
180.00	41.333	0.12383	8.0754	1.7873	2.0944	15.932	5.5434	9.3879	221.04	0.89075	0.018002	0.020614	vapor
180.00	41.500	0.12442	8.0374	1.7867	2.0937	15.921	5.5454	9.4012	221.00	0.89032	0.018022	0.020636	vapor
180.00	41.667	0.12500	7.9997	1.7862	2.0929	15.910	5.5474	9.4146	220.96	0.88989	0.018042	0.020657	vapor
180.00	41.833	0.12559	7.9623	1.7856	2.0921	15.899	5.5494	9.4280	220.92	0.88946	0.018063	0.020679	vapor
180.00	42.000	0.12618	7.9251	1.7850	2.0913	15.888	5.5513	9.4415	220.88	0.88902	0.018083	0.020701	vapor
180.00	42.167	0.12677	7.8883	1.7845	2.0906	15.877	5.5533	9.4549	220.85	0.88858	0.018104	0.020723	vapor
180.00	42.333	0.12736	7.8518	1.7839	2.0898	15.866	5.5553	9.4685	220.81	0.88814	0.018124	0.020745	vapor
180.00	42.500	0.12795	7.8155	1.7834	2.0890	15.855	5.5573	9.4821	220.77	0.88770	0.018145	0.020768	vapor
180.00	42.667	0.12854	7.7796	1.7828	2.0882	15.844	5.5593	9.4957	220.73	0.88726	0.018166	0.020790	vapor
180.00	42.833	0.12913	7.7439	1.7822	2.0874	15.833	5.5612	9.5093	220.70	0.88681	0.018187	0.020812	vapor
180.00	43.000	0.12973	7.7085	1.7817	2.0867	15.822	5.5632	9.5230	220.66	0.88636	0.018207	0.020834	vapor
180.00	43.167	0.13032	7.6733	1.7811	2.0859	15.811	5.5652	9.5368	220.62	0.88591	0.018228	0.020856	vapor
180.00	43.333	0.13092	7.6384	1.7805	2.0851	15.800	5.5672	9.5506	220.58	0.88546	0.018249	0.020878	vapor
180.00	43.500	0.13151	7.6038	1.7799	2.0843	15.789	5.5692	9.5644	220.55	0.88501	0.018270	0.020900	vapor
180.00	43.667	0.13211	7.5695	1.7794	2.0835	15.779	5.5711	9.5783	220.51	0.88455	0.018291	0.020923	vapor
180.00	43.833	0.13271	7.5354	1.7788	2.0827	15.768	5.5731	9.5922	220.47	0.88410	0.018312	0.020945	vapor
180.00	44.000	0.13331	7.5016	1.7782	2.0820	15.757	5.5751	9.6061	220.44	0.88364	0.018334	0.020967	vapor
180.00	44.167	0.13390	7.4680	1.7777	2.0812	15.746	5.5771	9.6201	220.40	0.88318	0.018355	0.020990	vapor
180.00	44.333	0.13450	7.4347	1.7771	2.0804	15.735	5.5791	9.6342	220.37	0.88272	0.018376	0.021012	vapor
180.00	44.500	0.13511	7.4016	1.7765	2.0796	15.725	5.5810	9.6483	220.33	0.88225	0.018398	0.021034	vapor
180.00	44.667	0.13571	7.3688	1.7759	2.0788	15.714	5.5830	9.6624	220.30	0.88179	0.018419	0.021057	vapor
180.00	44.833	0.13631	7.3362	1.7754	2.0780	15.703	5.5850	9.6766	220.26	0.88132	0.018441	0.021079	vapor
180.00	45.000	0.13691	7.3039	1.7748	2.0772	15.693	5.5870	9.6908	220.22	0.88085	0.018462	0.021102	vapor
180.00	45.167	0.13752	7.2718	1.7742	2.0764	15.682	5.5889	9.7051	220.19	0.88038	0.018484	0.021124	vapor
180.00	45.333	0.13812	7.2399	1.7736	2.0756	15.672	5.5909	9.7194	220.15	0.87990	0.018505	0.021147	vapor
180.00	45.500	0.13873	7.2083	1.7731	2.0749	15.661	5.5929	9.7337	220.12	0.87943	0.018527	0.021169	vapor
180.00	45.667	0.13934	7.1769	1.7725	2.0741	15.651	5.5949	9.7481	220.09	0.87895	0.018549	0.021192	vapor
180.00	45.833	0.13994	7.1457	1.7719	2.0733	15.640	5.5969	9.7626	220.05	0.87848	0.018571	0.021215	vapor
180.00	46.000	0.14055	7.1148	1.7713	2.0725	15.630	5.5988	9.7771	220.02	0.87800	0.018593	0.021237	vapor
180.00	46.167	0.14116	7.0840	1.7707	2.0717	15.619	5.6008	9.7916	219.98	0.87751	0.018615	0.021260	vapor
180.00	46.333	0.14177	7.0535	1.7702	2.0709	15.609	5.6028	9.8062	219.95	0.87703	0.018637	0.021283	vapor
180.00	46.500	0.14238	7.0232	1.7696	2.0701	15.598	5.6048	9.8208	219.91	0.87654	0.018659	0.021305	vapor
180.00	46.667	0.14300	6.9932	1.7690	2.0693	15.588	5.6067	9.8355	219.88	0.87606	0.018681	0.021328	vapor
180.00	46.833	0.14361	6.9633	1.7684	2.0685	15.577	5.6087	9.8502	219.85	0.87557	0.018704	0.021351	vapor
180.00	47.000	0.14422	6.9337	1.7678	2.0677	15.567	5.6107	9.8650	219.81	0.87508	0.018726	0.021374	vapor
180.00	47.167	0.14484	6.9042	1.7672	2.0669	15.557	5.6127	9.8798	219.78	0.87459	0.018748	0.021397	vapor
180.00	47.333	0.14545	6.8750	1.7666	2.0661	15.546	5.6146	9.8946	219.75	0.87409	0.018771	0.021420	vapor
180.00	47.500	0.14607	6.8460	1.7661	2.0653	15.536	5.6166	9.9095	219.72	0.87360	0.018793	0.021442	vapor
180.00	47.667	0.14669	6.8171	1.7655	2.0645	15.526	5.6186	9.9245	219.68	0.87310	0.018816	0.021465	vapor
180.00	47.833	0.14731	6.7885	1.7649	2.0637	15.516	5.6206	9.9395	219.65	0.87260	0.018838	0.021488	vapor
180.00	48.000	0.14793	6.7601	1.7643	2.0629	15.505	5.6225	9.9545	219.62	0.87210	0.018861	0.021511	vapor
180.00	48.167	0.14855	6.7318	1.7637	2.0621	15.495	5.6245	9.9696	219.59	0.87160	0.018884	0.021534	vapor
180.00	48.333	0.14917	6.7038	1.7631	2.0613	15.485	5.6265	9.9848	219.55	0.87109	0.018907	0.021558	vapor
180.00	48.500	0.14979	6.6760	1.7625	2.0605	15.475	5.6285	10.000	219.52	0.87058	0.018930	0.021581	vapor
180.00	48.667	0.15041	6.6483	1.7619	2.0597	15.465	5.6304	10.015	219.49	0.87008	0.018952	0.021604	vapor
180.00	48.833	0.15104	6.6208	1.7613	2.0588	15.454	5.6324	10.030	219.46	0.86957	0.018975	0.021627	vapor
180.00	49.000	0.15166	6.5936	1.7607	2.0580	15.444	5.6344	10.046	219.43	0.86906	0.018999	0.021650	vapor
180.00	49.167	0.15229	6.5665	1.7602	2.0572	15.434	5.6363	10.061	219.40	0.86854	0.019022	0.021673	vapor
180.00	49.333	0.15292	6.5396	1.7596	2.0564	15.424	5.6383	10.077	219.36	0.86803	0.019045	0.021697	vapor
180.00	49.500	0.15354	6.5128	1.7590	2.0556	15.414	5.6403	10.092	219.33	0.86751	0.019068	0.021720	vapor
180.00	49.667	0.15417	6.4863	1.7584	2.0548	15.404	5.6422	10.108	219.30	0.86699	0.019091	0.021743	vapor
180.00	49.833	0.15480	6.4599	1.7578	2.0540	15.394	5.6442	10.123	219.27	0.86647	0.019115	0.021767	vapor
180.00	50.000	0.15543	6.4337	1.7572	2.0532	15.384	5.6462	10.139	219.24	0.86595	0.019138	0.021790	vapor
180.00	50.167	0.15606	6.4077	1.7566	2.0524	15.374	5.6482	10.154	219.21	0.86543	0.019162	0.021814	vapor
180.00	50.333	0.15670	6.3818	1.7560	2.0516	15.364	5.6501	10.170	219.18	0.86490	0.019185	0.021837	vapor
180.00	50.500	0.15733	6.3561	1.7554	2.0507	15.354	5.6521	10.186	219.15	0.86438	0.019209	0.021861	vapor
180.00	50.667	0.15796	6.3306	1.7548	2.0499	15.344	5.6541	10.202	219.12	0.86385	0.019233	0.021884	vapor
180.00	50.833	0.15860	6.3053	1.7542	2.0491	15.334	5.6560	10.218	219.09	0.86332	0.019256	0.021908	vapor
180.00	51.000	0.15923	6.2801	1.7536	2.0483	15.324	5.6580	10.234	219.06	0.86279	0.019280	0.021931	vapor
180.00	51.167	0.15987	6.2550	1.7530	2.0475	15.314	5.6599	10.250	219.03	0.86225	0.019304	0.021955	vapor
180.00	51.167	0.15987	6.2550	1.7530	2.0475	15.314	5.6599	10.250	219.03	0.86225	0.019304	0.021955	supercritical
180.00	51.167	0.15987	6.2550	1.7530	2.0475	15.314	5.6599	10.250	219.03	0.86225	0.019304	0.021955	supercritical
180.00	51.333	0.16051	6.2302	1.7524	2.0466	15.305	5.6619	10.266	219.00	0.86172	0.019328	0.021979	supercritical
180.00	51.500	0.16115	6.2055	1.7518	2.0458	15.295	5.6639	10.282	218.97	0.86118	0.019352	0.022002	supercritical
180.00	51.667	0.16179	6.1809	1.7512	2.0450	15.285	5.6658	10.298	218.95	0.86064	0.019376	0.022026	supercritical
180.00	51.833	0.16243	6.1566	1.7505	2.0442	15.275	5.6678	10.314	218.92	0.86010	0.019400	0.022050	supercritical
180.00	52.000	0.16307	6.1323	1.7499	2.0434	15.265	5.6698	10.330	218.89	0.85956	0.019425	0.022074	supercritical
180.00	52.167	0.16371	6.1083	1.7493	2.0425	15.256	5.6717	10.346	218.86	0.85902	0.019449	0.022097	supercritical
180.00	52.333	0.16436	6.0843	1.7487	2.0417	15.246	5.6737	10.363	218.83	0.85847	0.019473	0.022121	supercritical
180.00	52.500	0.16500	6.0606	1.7481	2.0409	15.236	5.6756	10.379	218.80	0.85793	0.019498	0.022145	supercritical
180.00	52.667	0.16565	6.0370	1.7475	2.0401	15.226	5.6776	10.396	218.78	0.85738	0.019522	0.022169	supercritical
180.00	52.833	0.16629	6.0135	1.7469	2.0392	15.217	5.6796	10.412	218.75	0.85683	0.019547	0.022193	supercritical
180.00	53.000	0.16694	5.9902	1.7463	2.0384	15.207	5.6815	10.429	218.72	0.85628	0.019571	0.022217	supercritical
180.00	53.167	0.16759	5.9670	1.7457	2.0376	15.197	5.6835	10.445	218.69	0.85572	0.019596	0.022241	supercritical
180.00	53.333	0.16824	5.9440	1.7451	2.0368	15.187	5.6854	10.462	218.67	0.85517	0.019621	0.022265	supercritical
180.00	53.500	0.16889	5.9211	1.7444	2.0359	15.178	5.6874	10.478	218.64	0.85461	0.019645	0.022289	supercritical
180.00	53.667	0.16954	5.8983	1.7438	2.0351	15.168	5.6894	10.495	218.61	0.85405	0.019670	0.022314	supercritical
180.00	53.833	0.17019	5.8757	1.7432	2.0343	15.159	5.6913	10.512	218.59	0.85349	0.019695	0.022338	supercritical
180.00	54.000	0.17085	5.8532	1.7426	2.0334	15.149	5.6933	10.529	218.56	0.85293	0.019720	0.022362	supercritical
180.00	54.167	0.17150	5.8309	1.7420	2.0326	15.139	5.6952	10.546	218.53	0.85237	0.019745	0.022386	supercritical
180.00	54.333	0.17216	5.8087	1.7414	2.0318	15.130	5.6972	10.563	218.51	0.85180	0.019770	0.022411	supercritical
180.00	54.500	0.17281	5.7867	1.7407	2.0309	15.120	5.6991	10.580	218.48	0.85124	0.019795	0.022435	supercritical
180.00	54.667	0.17347	5.7647	1.7401	2.0301	15.111	5.7011	10.597	218.45	0.85067	0.019821	0.022459	supercritical
180.00	54.833	0.17413	5.7429	1.7395	2.0293	15.101	5.7030	10.614	218.43	0.85010	0.019846	0.022484	supercritical
180.00	55.000	0.17479	5.7213	1.7389	2.0284	15.092	5.7050	10.631	218.40	0.84952	0.019871	0.022508	supercritical
180.00	55.167	0.17545	5.6997	1.7383	2.0276	15.082	5.7069	10.648	218.38	0.84895	0.019897	0.022533	supercritical
180.00	55.333	0.17611	5.6783	1.7376	2.0268	15.073	5.7089	10.666	218.35	0.84838	0.019922	0.022557	supercritical
180.00	55.500	0.17677	5.6571	1.7370	2.0259	15.063	5.7108	10.683	218.33	0.84780	0.019948	0.022582	supercritical
180.00	55.667	0.17743	5.6359	1.7364	2.0251	15.054	5.7128	10.700	218.30	0.84722	0.019974	0.022607	supercritical
180.00	55.833	0.17810	5.6149	1.7358	2.0243	15.044	5.7147	10.718	218.28	0.84664	0.019999	0.022631	supercritical
180.00	56.000	0.17876	5.5940	1.7352	2.0234	15.035	5.7166	10.735	218.25	0.84606	0.020025	0.022656	supercritical
180.00	56.167	0.17943	5.5732	1.7345	2.0226	15.025	5.7186	10.753	218.23	0.84547	0.020051	0.022681	supercritical
180.00	56.333	0.18010	5.5526	1.7339	2.0217	15.016	5.7205	10.770	218.20	0.84489	0.019601	0.022263	supercritical
180.00	56.500	0.18076	5.5321	1.7333	2.0209	15.006	5.7225	10.788	218.18	0.84430	0.019628	0.022291	supercritical
180.00	56.667	0.18143	5.5117	1.7326	2.0200	14.997	5.7244	10.806	218.16	0.84371	0.019655	0.022319	supercritical
180.00	56.833	0.18210	5.4914	1.7320	2.0192	14.988	5.7263	10.823	218.13	0.84312	0.019683	0.022347	supercritical
180.00	57.000	0.18278	5.4712	1.7314	2.0183	14.978	5.7283	10.841	218.11	0.84253	0.019710	0.022375	supercritical
180.00	57.167	0.18345	5.4511	1.7308	2.0175	14.969	5.7302	10.859	218.08	0.84194	0.019737	0.022403	supercritical
180.00	57.333	0.18412	5.4312	1.7301	2.0167	14.960	5.7322	10.877	218.06	0.84134	0.019765	0.022431	supercritical
180.00	57.500	0.18480	5.4114	1.7295	2.0158	14.950	5.7341	10.895	218.04	0.84074	0.019792	0.022459	supercritical
180.00	57.667	0.18547	5.3917	1.7289	2.0150	14.941	5.7360	10.913	218.02	0.84015	0.019820	0.022487	supercritical
180.00	57.833	0.18615	5.3721	1.7282	2.0141	14.932	5.7380	10.931	217.99	0.83954	0.019848	0.022515	supercritical
180.00	58.000	0.18683	5.3526	1.7276	2.0133	14.922	5.7399	10.949	217.97	0.83894	0.019875	0.022543	supercritical
180.00	58.167	0.18750	5.3332	1.7270	2.0124	14.913	5.7418	10.968	217.95	0.83834	0.019903	0.022571	supercritical
180.00	58.333	0.18818	5.3140	1.7263	2.0116	14.904	5.7438	10.986	217.93	0.83773	0.019931	0.022599	supercritical
180.00	58.500	0.18886	5.2948	1.7257	2.0107	14.895	5.7457	11.004	217.90	0.83712	0.019959	0.022627	supercritical
180.00	58.667	0.18955	5.2758	1.7250	2.0099	14.885	5.7476	11.023	217.88	0.83651	0.019987	0.022656	supercritical
180.00	58.833	0.19023	5.2568	1.7244	2.0090	14.876	5.7495	11.041	217.86	0.83590	0.020015	0.022684	supercritical
180.00	59.000	0.19091	5.2380	1.7238	2.0081	14.867	5.7515	11.060	217.84	0.83529	0.020043	0.022712	supercritical
180.00	59.167	0.19160	5.2193	1.7231	2.0073	14.858	5.7534	11.078	217.82	0.83468	0.020071	0.022740	supercritical
180.00	59.333	0.19228	5.2007	1.7225	2.0064	14.848	5.7553	11.097	217.80	0.83406	0.020099	0.022768	supercritical
180.00	59.500	0.19297	5.1822	1.7218	2.0056	14.839	5.7572	11.115	217.77	0.83344	0.020127	0.022796	supercritical
180.00	59.667	0.19366	5.1637	1.7212	2.0047	14.830	5.7591	11.134	217.75	0.83282	0.020155	0.022825	supercritical
180.00	59.833	0.19435	5.1454	1.7206	2.0039	14.821	5.7611	11.153	217.73	0.83220	0.020184	0.022853	supercritical
180.00	60.000	0.19504	5.1272	1.7199	2.0030	14.812	5.7630	11.172	217.71	0.83158	0.020212	0.022881	supercritical
180.00	60.167	0.19573	5.1091	1.7193	2.0021	14.803	5.7649	11.191	217.69	0.83095	0.020240	0.022909	supercritical
180.00	60.333	0.19642	5.0911	1.7186	2.0013	14.794	5.7668	11.210	217.67	0.83032	0.020269	0.022937	supercritical
180.00	60.500	0.19711	5.0732	1.7180	2.0004	14.784	5.7687	11.229	217.65	0.82970	0.020297	0.022966	supercritical
180.00	60.667	0.19781	5.0554	1.7173	1.9995	14.775	5.7706	11.248	217.63	0.82907	0.020326	0.022994	supercritical
180.00	60.833	0.19850	5.0377	1.7167	1.9987	14.766	5.7725	11.267	217.61	0.82843	0.020354	0.023022	supercritical
180.00	61.000	0.19920	5.0201	1.7160	1.9978	14.757	5.7744	11.286	217.59	0.82780	0.020383	0.023051	supercritical
180.00	61.167	0.19990	5.0025	1.7154	1.9970	14.748	5.7764	11.305	217.57	0.82716	0.020412	0.023079	supercritical
180.00	61.333	0.20060	4.9851	1.7147	1.9961	14.739	5.7783	11.325	217.55	0.82653	0.020440	0.023107	supercritical
180.00	61.500	0.20130	4.9678	1.7141	1.9952	14.730	5.7802	11.344	217.53	0.82589	0.020469	0.023136	supercritical
180.00	61.667	0.20200	4.9506	1.7134	1.9944	14.721	5.7821	11.364	217.52	0.82524	0.020498	0.023164	supercritical
180.00	61.833	0.20270	4.9334	1.7128	1.9935	14.712	5.7840	11.383	217.50	0.82460	0.020527	0.023193	supercritical
180.00	62.000	0.20340	4.9164	1.7121	1.9926	14.703	5.7859	11.403	217.48	0.82396	0.020556	0.023221	supercritical
180.00	62.167	0.20411	4.8994	1.7115	1.9917	14.694	5.7878	11.422	217.46	0.82331	0.020585	0.023250	supercritical
180.00	62.333	0.20481	4.8825	1.7108	1.9909	14.685	5.7897	11.442	217.44	0.82266	0.020614	0.023278	supercritical
180.00	62.500	0.20552	4.8657	1.7102	1.9900	14.676	5.7915	11.462	217.43	0.82201	0.020643	0.023307	supercritical
180.00	62.667	0.20623	4.8490	1.7095	1.9891	14.667	5.7934	11.481	217.41	0.82136	0.020672	0.023335	supercritical
180.00	62.833	0.20693	4.8324	1.7089	1.9883	14.658	5.7953	11.501	217.39	0.82070	0.020702	0.023364	supercritical
180.00	63.000	0.20764	4.8159	1.7082	1.9874	14.649	5.7972	11.521	217.37	0.82005	0.020731	0.023392	supercritical
180.00	63.167	0.20836	4.7995	1.7075	1.9865	14.640	5.7991	11.541	217.36	0.81939	0.020760	0.023421	supercritical
180.00	63.333	0.20907	4.7831	1.7069	1.9856	14.631	5.8010	11.561	217.34	0.81873	0.020790	0.023449	supercritical
180.00	63.500	0.20978	4.7669	1.7062	1.9848	14.622	5.8029	11.581	217.32	0.81806	0.020819	0.023478	supercritical
180.00	63.667	0.21049	4.7507	1.7056	1.9839	14.613	5.8048	11.601	217.31	0.81740	0.020848	0.023507	supercritical
180.00	63.833	0.21121	4.7346	1.7049	1.9830	14.604	5.8066	11.622	217.29	0.81673	0.020878	0.023535	supercritical
180.00	64.000	0.21193	4.7186	1.7042	1.9821	14.595	5.8085	11.642	217.27	0.81607	0.020908	0.023564	supercritical
180.00	64.167	0.21264	4.7027	1.7036	1.9812	14.586	5.8104	11.662	217.26	0.81540	0.020937	0.023593	supercritical
180.00	64.333	0.21336	4.6869	1.7029	1.9804	14.577	5.8123	11.683	217.24	0.81473	0.020967	0.023622	supercritical
180.00	64.500	0.21408	4.6711	1.7022	1.9795	14.569	5.8141	11.703	217.23	0.81405	0.020997	0.023651	supercritical
180.00	64.667	0.21480	4.6554	1.7016	1.9786	14.560	5.8160	11.724	217.21	0.81338	0.021027	0.023679	supercritical
180.00	64.833	0.21553	4.6398	1.7009	1.9777	14.551	5.8179	11.744	217.20	0.81270	0.021056	0.023708	supercritical
180.00	65.000	0.21625	4.6243	1.7002	1.9768	14.542	5.8197	11.765	217.18	0.81202	0.021086	0.023737	supercritical
180.00	65.167	0.21697	4.6089	1.6996	1.9759	14.533	5.8216	11.785	217.17	0.81134	0.021116	0.023766	supercritical
180.00	65.333	0.21770	4.5935	1.6989	1.9751	14.524	5.8235	11.806	217.15	0.81065	0.021146	0.023795	supercritical
180.00	65.500	0.21843	4.5782	1.6982	1.9742	14.515	5.8253	11.827	217.14	0.80997	0.021176	0.023824	supercritical
180.00	65.667	0.21915	4.5630	1.6976	1.9733	14.507	5.8272	11.848	217.12	0.80928	0.021207	0.023853	supercritical
180.00	65.833	0.21988	4.5479	1.6969	1.9724	14.498	5.8291	11.869	217.11	0.80859	0.021237	0.023882	supercritical
180.00	66.000	0.22061	4.5329	1.6962	1.9715	14.489	5.8309	11.890	217.10	0.80790	0.021267	0.023911	supercritical
180.00	66.167	0.22134	4.5179	1.6955	1.9706	14.480	5.8328	11.911	217.08	0.80720	0.021297	0.023940	supercritical
180.00	66.333	0.22208	4.5030	1.6949	1.9697	14.471	5.8346	11.932	217.07	0.80651	0.021328	0.023969	supercritical
180.00	66.500	0.22281	4.4882	1.6942	1.9688	14.463	5.8365	11.953	217.06	0.80581	0.021358	0.023998	supercritical
180.00	66.667	0.22354	4.4734	1.6935	1.9679	14.454	5.8383	11.974	217.04	0.80511	0.021389	0.024028	supercritical
180.00	66.833	0.22428	4.4587	1.6928	1.9670	14.445	5.8401	11.996	217.03	0.80441	0.021419	0.024057	supercritical
180.00	67.000	0.22502	4.4441	1.6922	1.9662	14.436	5.8420	12.017	217.02	0.80370	0.021450	0.024086	supercritical
180.00	67.167	0.22575	4.4296	1.6915	1.9653	14.428	5.8438	12.039	217.01	0.80300	0.021480	0.024115	supercritical
180.00	67.333	0.22649	4.4151	1.6908	1.9644	14.419	5.8457	12.060	216.99	0.80229	0.021511	0.024145	supercritical
180.00	67.500	0.22723	4.4007	1.6901	1.9635	14.410	5.8475	12.082	216.98	0.80158	0.021542	0.024174	supercritical
180.00	67.667	0.22798	4.3864	1.6894	1.9626	14.401	5.8493	12.103	216.97	0.80086	0.021573	0.024204	supercritical
180.00	67.833	0.22872	4.3722	1.6888	1.9617	14.393	5.8512	12.125	216.96	0.80015	0.021603	0.024233	supercritical
180.00	68.000	0.22946	4.3580	1.6881	1.9608	14.384	5.8530	12.147	216.95	0.79943	0.021634	0.024262	supercritical
180.00	68.167	0.23021	4.3439	1.6874	1.9599	14.375	5.8548	12.168	216.94	0.79871	0.021665	0.024292	supercritical
180.00	68.333	0.23095	4.3299	1.6867	1.9590	14.366	5.8566	12.190	216.93	0.79799	0.021696	0.024322	supercritical
180.00	68.500	0.23170	4.3159	1.6860	1.9581	14.358	5.8585	12.212	216.92	0.79726	0.021728	0.024351	supercritical
180.00	68.667	0.23245	4.3020	1.6853	1.9572	14.349	5.8603	12.234	216.91	0.79654	0.021759	0.024381	supercritical
180.00	68.833	0.23320	4.2882	1.6847	1.9563	14.340	5.8621	12.256	216.90	0.79581	0.021790	0.024410	supercritical
180.00	69.000	0.23395	4.2744	1.6840	1.9554	14.332	5.8639	12.278	216.89	0.79508	0.021821	0.024440	supercritical
180.00	69.167	0.23470	4.2607	1.6833	1.9545	14.323	5.8657	12.300	216.88	0.79435	0.021852	0.024470	supercritical
180.00	69.333	0.23546	4.2470	1.6826	1.9536	14.314	5.8675	12.323	216.87	0.79361	0.021884	0.024500	supercritical
180.00	69.500	0.23621	4.2335	1.6819	1.9526	14.306	5.8693	12.345	216.86	0.79287	0.021915	0.024529	supercritical
180.00	69.667	0.23697	4.2200	1.6812	1.9517	14.297	5.8711	12.367	216.85	0.79213	0.021947	0.024559	supercritical
180.00	69.833	0.23773	4.2065	1.6805	1.9508	14.289	5.8729	12.390	216.84	0.79139	0.021978	0.024589	supercritical
180.00	70.000	0.23848	4.1932	1.6798	1.9499	14.280	5.8747	12.412	216.84	0.79065	0.022010	0.024619	supercritical
180.00	70.167	0.23924	4.1799	1.6791	1.9490	14.271	5.8765	12.435	216.83	0.78990	0.022042	0.024649	supercritical
180.00	70.333	0.24000	4.1666	1.6784	1.9481	14.263	5.8783	12.457	216.82	0.78915	0.022073	0.024679	supercritical
180.00	70.500	0.24077	4.1534	1.6778	1.9472	14.254	5.8801	12.480	216.81	0.78840	0.022105	0.024709	supercritical
180.00	70.667	0.24153	4.1403	1.6771	1.9463	14.246	5.8819	12.502	216.81	0.78765	0.022137	0.024739	supercritical
180.00	70.833	0.24229	4.1272	1.6764	1.9454	14.237	5.8837	12.525	216.80	0.78689	0.022169	0.024769	supercritical
180.00	71.000	0.24306	4.1142	1.6757	1.9445	14.228	5.8855	12.548	216.79	0.78613	0.022201	0.024800	supercritical
180.00	71.167	0.24382	4.1013	1.6750	1.9435	14.220	5.8872	12.571	216.79	0.78537	0.022233	0.024830	supercritical
180.00	71.333	0.24459	4.0884	1.6743	1.9426	14.211	5.8890	12.594	216.78	0.78461	0.022265	0.024860	supercritical
180.00	71.500	0.24536	4.0756	1.6736	1.9417	14.203	5.8908	12.617	216.78	0.78384	0.022297	0.024890	supercritical
180.00	71.667	0.24613	4.0629	1.6729	1.9408	14.194	5.8925	12.640	216.77	0.78307	0.022330	0.024921	supercritical
180.00	71.833	0.24690	4.0502	1.6722	1.9399	14.186	5.8943	12.663	216.76	0.78230	0.022362	0.024951	supercritical
180.00	72.000	0.24768	4.0375	1.6715	1.9390	14.177	5.8961	12.686	216.76	0.78153	0.022394	0.024982	supercritical
180.00	72.167	0.24845	4.0249	1.6708	1.9380	14.168	5.8978	12.709	216.76	0.78075	0.022427	0.025012	supercritical
180.00	72.333	0.24923	4.0124	1.6701	1.9371	14.160	5.8996	12.733	216.75	0.77997	0.022459	0.025043	supercritical
180.00	72.500	0.25000	4.0000	1.6694	1.9362	14.151	5.9013	12.756	216.75	0.77919	0.022492	0.025073	supercritical
180.00	72.667	0.25078	3.9876	1.6687	1.9353	14.143	5.9031	12.779	216.74	0.77841	0.022524	0.025104	supercritical
180.00	72.833	0.25156	3.9752	1.6679	1.9344	14.134	5.9048	12.803	216.74	0.77762	0.022557	0.025135	supercritical
180.00	73.000	0.25234	3.9629	1.6672	1.9334	14.126	5.9066	12.826	216.74	0.77683	0.022590	0.025165	supercritical
180.00	73.167	0.25312	3.9507	1.6665	1.9325	14.117	5.9083	12.850	216.73	0.77604	0.022623	0.025196	supercritical
180.00	73.333	0.25390	3.9385	1.6658	1.9316	14.109	5.9101	12.874	216.73	0.77525	0.022655	0.025227	supercritical
180.00	73.500	0.25469	3.9264	1.6651	1.9307	14.100	5.9118	12.897	216.73	0.77445	0.022688	0.025258	supercritical
180.00	73.667	0.25547	3.9143	1.6644	1.9297	14.092	5.9135	12.921	216.73	0.77365	0.022721	0.025289	supercritical
180.00	73.833	0.25626	3.9023	1.6637	1.9288	14.083	5.9153	12.945	216.73	0.77285	0.022754	0.025320	supercritical
180.00	74.000	0.25704	3.8904	1.6630	1.9279	14.075	5.9170	12.969	216.73	0.77205	0.022787	0.025351	supercritical
180.00	74.167	0.25783	3.8785	1.6623	1.9270	14.066	5.9187	12.993	216.72	0.77124	0.022821	0.025382	supercritical
180.00	74.333	0.25862	3.8666	1.6616	1.9260	14.058	5.9204	13.016	216.72	0.77043	0.022854	0.025413	supercritical
180.00	74.500	0.25941	3.8548	1.6608	1.9251	14.050	5.9221	13.040	216.72	0.76962	0.022887	0.025444	supercritical
180.00	74.667	0.26021	3.8431	1.6601	1.9242	14.041	5.9238	13.065	216.72	0.76880	0.022921	0.025475	supercritical
180.00	74.833	0.26100	3.8314	1.6594	1.9232	14.033	5.9255	13.089	216.72	0.76799	0.022954	0.025507	supercritical
180.00	75.000	0.26179	3.8198	1.6587	1.9223	14.024	5.9273	13.113	216.72	0.76717	0.022988	0.025538	supercritical
180.00	75.167	0.26259	3.8082	1.6580	1.9214	14.016	5.9290	13.137	216.73	0.76634	0.023021	0.025569	supercritical
180.00	75.333	0.26339	3.7967	1.6573	1.9205	14.007	5.9306	13.161	216.73	0.76552	0.023055	0.025601	supercritical
180.00	75.500	0.26419	3.7852	1.6565	1.9195	13.999	5.9323	13.186	216.73	0.76469	0.023089	0.025632	supercritical
180.00	75.667	0.26499	3.7738	1.6558	1.9186	13.991	5.9340	13.210	216.73	0.76386	0.023122	0.025664	supercritical
180.00	75.833	0.26579	3.7624	1.6551	1.9177	13.982	5.9357	13.235	216.73	0.76302	0.023156	0.025695	supercritical
180.00	76.000	0.26659	3.7511	1.6544	1.9167	13.974	5.9374	13.259	216.74	0.76219	0.023190	0.025727	supercritical
180.00	76.167	0.26739	3.7398	1.6537	1.9158	13.965	5.9391	13.284	216.74	0.76135	0.023224	0.025759	supercritical
180.00	76.333	0.26820	3.7286	1.6529	1.9148	13.957	5.9407	13.308	216.74	0.76051	0.023258	0.025790	supercritical
180.00	76.500	0.26900	3.7174	1.6522	1.9139	13.949	5.9424	13.333	216.75	0.75966	0.023292	0.025822	supercritical
180.00	76.667	0.26981	3.7063	1.6515	1.9130	13.940	5.9441	13.357	216.75	0.75881	0.023326	0.025854	supercritical
180.00	76.833	0.27062	3.6952	1.6508	1.9120	13.932	5.9457	13.382	216.76	0.75796	0.023361	0.025886	supercritical
180.00	77.000	0.27143	3.6842	1.6501	1.9111	13.924	5.9474	13.407	216.76	0.75711	0.023395	0.025918	supercritical
180.00	77.167	0.27224	3.6732	1.6493	1.9102	13.915	5.9491	13.432	216.77	0.75625	0.023429	0.025950	supercritical
180.00	77.333	0.27305	3.6623	1.6486	1.9092	13.907	5.9507	13.457	216.77	0.75539	0.023464	0.025982	supercritical
180.00	77.500	0.27386	3.6514	1.6479	1.9083	13.898	5.9524	13.482	216.78	0.75453	0.023499	0.026014	supercritical
180.00	77.667	0.27468	3.6406	1.6471	1.9073	13.890	5.9540	13.507	216.78	0.75366	0.023533	0.026046	supercritical
180.00	77.833	0.27550	3.6298	1.6464	1.9064	13.882	5.9556	13.532	216.79	0.75279	0.023568	0.026078	supercritical
180.00	78.000	0.27631	3.6191	1.6457	1.9054	13.873	5.9573	13.557	216.80	0.75192	0.023603	0.026111	supercritical
180.00	78.167	0.27713	3.6084	1.6450	1.9045	13.865	5.9589	13.582	216.81	0.75105	0.023637	0.026143	supercritical
180.00	78.333	0.27795	3.5978	1.6442	1.9036	13.857	5.9605	13.607	216.81	0.75017	0.023672	0.026175	supercritical
180.00	78.500	0.27877	3.5872	1.6435	1.9026	13.849	5.9622	13.632	216.82	0.74929	0.023707	0.026208	supercritical
180.00	78.667	0.27959	3.5766	1.6428	1.9017	13.840	5.9638	13.658	216.83	0.74841	0.023742	0.026240	supercritical
180.00	78.833	0.28042	3.5661	1.6420	1.9007	13.832	5.9654	13.683	216.84	0.74752	0.023777	0.026273	supercritical
180.00	79.000	0.28124	3.5557	1.6413	1.8998	13.824	5.9670	13.708	216.85	0.74663	0.023813	0.026306	supercritical
180.00	79.167	0.28207	3.5453	1.6406	1.8988	13.815	5.9686	13.734	216.86	0.74574	0.023848	0.026338	supercritical
180.00	79.333	0.28289	3.5349	1.6398	1.8979	13.807	5.9702	13.759	216.87	0.74485	0.023883	0.026371	supercritical
180.00	79.500	0.28372	3.5246	1.6391	1.8969	13.799	5.9718	13.784	216.88	0.74395	0.023919	0.026404	supercritical
180.00	79.667	0.28455	3.5143	1.6383	1.8960	13.790	5.9734	13.810	216.89	0.74305	0.023954	0.026437	supercritical
180.00	79.833	0.28538	3.5041	1.6376	1.8950	13.782	5.9750	13.836	216.90	0.74214	0.023990	0.026469	supercritical
180.00	80.000	0.28621	3.4939	1.6369	1.8941	13.774	5.9766	13.861	216.92	0.74124	0.024025	0.026502	supercritical
180.00	80.167	0.28705	3.4838	1.6361	1.8931	13.766	5.9781	13.887	216.93	0.74033	0.024061	0.026535	supercritical
180.00	80.333	0.28788	3.4737	1.6354	1.8922	13.757	5.9797	13.912	216.94	0.73941	0.024097	0.026568	supercritical
180.00	80.500	0.28872	3.4636	1.6346	1.8912	13.749	5.9813	13.938	216.96	0.73850	0.024133	0.026602	supercritical
180.00	80.667	0.28955	3.4536	1.6339	1.8903	13.741	5.9828	13.964	216.97	0.73758	0.024169	0.026635	supercritical
180.00	80.833	0.29039	3.4436	1.6332	1.8893	13.733	5.9844	13.990	216.98	0.73665	0.024205	0.026668	supercritical
180.00	81.000	0.29123	3.4337	1.6324	1.8883	13.724	5.9860	14.015	217.00	0.73573	0.024241	0.026701	supercritical
180.00	81.167	0.29207	3.4238	1.6317	1.8874	13.716	5.9875	14.041	217.01	0.73480	0.024277	0.026735	supercritical
180.00	81.333	0.29291	3.4140	1.6309	1.8864	13.708	5.9891	14.067	217.03	0.73387	0.024313	0.026768	supercritical
180.00	81.500	0.29375	3.4042	1.6302	1.8855	13.700	5.9906	14.093	217.05	0.73293	0.024349	0.026801	supercritical
180.00	81.667	0.29460	3.3945	1.6294	1.8845	13.692	5.9921	14.119	217.06	0.73199	0.024386	0.026835	supercritical
180.00	81.833	0.29544	3.3848	1.6287	1.8836	13.683	5.9937	14.145	217.08	0.73105	0.024422	0.026869	supercritical
180.00	82.000	0.29629	3.3751	1.6279	1.8826	13.675	5.9952	14.171	217.10	0.73011	0.024459	0.026902	supercritical
180.00	82.167	0.29714	3.3655	1.6272	1.8817	13.667	5.9967	14.197	217.12	0.72916	0.024495	0.026936	supercritical
180.00	82.333	0.29799	3.3559	1.6264	1.8807	13.659	5.9982	14.223	217.14	0.72821	0.024532	0.026970	supercritical
180.00	82.500	0.29884	3.3463	1.6257	1.8797	13.651	5.9998	14.249	217.15	0.72726	0.024569	0.027003	supercritical
180.00	82.667	0.29969	3.3368	1.6249	1.8788	13.642	6.0013	14.275	217.17	0.72630	0.024606	0.027037	supercritical
180.00	82.833	0.30054	3.3274	1.6242	1.8778	13.634	6.0028	14.302	217.19	0.72534	0.024643	0.027071	supercritical
180.00	83.000	0.30139	3.3179	1.6234	1.8769	13.626	6.0043	14.328	217.22	0.72437	0.024680	0.027105	supercritical
180.00	83.167	0.30225	3.3086	1.6227	1.8759	13.618	6.0058	14.354	217.24	0.72341	0.024717	0.027139	supercritical
180.00	83.333	0.30310	3.2992	1.6219	1.8749	13.610	6.0072	14.380	217.26	0.72244	0.024754	0.027173	supercritical
180.00	83.500	0.30396	3.2899	1.6212	1.8740	13.602	6.0087	14.406	217.28	0.72146	0.024791	0.027207	supercritical
180.00	83.667	0.30482	3.2806	1.6204	1.8730	13.593	6.0102	14.433	217.30	0.72049	0.024829	0.027242	supercritical
180.00	83.833	0.30568	3.2714	1.6197	1.8720	13.585	6.0117	14.459	217.33	0.71951	0.024866	0.027276	supercritical
180.00	84.000	0.30654	3.2622	1.6189	1.8711	13.577	6.0131	14.485	217.35	0.71853	0.024903	0.027310	supercritical
180.00	84.167	0.30740	3.2531	1.6182	1.8701	13.569	6.0146	14.512	217.37	0.71754	0.024941	0.027345	supercritical
180.00	84.333	0.30826	3.2440	1.6174	1.8692	13.561	6.0161	14.538	217.40	0.71655	0.024979	0.027379	supercritical
180.00	84.500	0.30913	3.2349	1.6167	1.8682	13.553	6.0175	14.564	217.43	0.71556	0.025016	0.027414	supercritical
180.00	84.667	0.30999	3.2259	1.6159	1.8672	13.545	6.0190	14.591	217.45	0.71456	0.025054	0.027448	supercritical
180.00	84.833	0.31086	3.2169	1.6151	1.8663	13.537	6.0204	14.617	217.48	0.71356	0.025092	0.027483	supercritical
180.00	85.000	0.31173	3.2080	1.6144	1.8653	13.528	6.0218	14.644	217.50	0.71256	0.025130	0.027517	supercritical
180.00	85.167	0.31259	3.1990	1.6136	1.8643	13.520	6.0233	14.670	217.53	0.71156	0.025168	0.027552	supercritical
180.00	85.333	0.31346	3.1902	1.6129	1.8634	13.512	6.0247	14.697	217.56	0.71055	0.025206	0.027587	supercritical
180.00	85.500	0.31433	3.1813	1.6121	1.8624	13.504	6.0261	14.723	217.59	0.70954	0.025245	0.027622	supercritical
180.00	85.667	0.31521	3.1725	1.6113	1.8614	13.496	6.0275	14.750	217.62	0.70852	0.025283	0.027657	supercritical
180.00	85.833	0.31608	3.1638	1.6106	1.8605	13.488	6.0289	14.776	217.65	0.70751	0.025321	0.027691	supercritical
180.00	86.000	0.31695	3.1550	1.6098	1.8595	13.480	6.0303	14.803	217.68	0.70648	0.025360	0.027726	supercritical
180.00	86.167	0.31783	3.1463	1.6090	1.8585	13.472	6.0317	14.829	217.71	0.70546	0.025398	0.027762	supercritical
180.00	86.333	0.31871	3.1377	1.6083	1.8575	13.464	6.0331	14.856	217.74	0.70443	0.025437	0.027797	supercritical
180.00	86.500	0.31958	3.1291	1.6075	1.8566	13.456	6.0345	14.882	217.77	0.70340	0.025476	0.027832	supercritical
180.00	86.667	0.32046	3.1205	1.6068	1.8556	13.448	6.0359	14.909	217.81	0.70237	0.025514	0.027867	supercritical
180.00	86.833	0.32134	3.1119	1.6060	1.8546	13.440	6.0373	14.935	217.84	0.70133	0.025553	0.027902	supercritical
180.00	87.000	0.32222	3.1034	1.6052	1.8537	13.432	6.0386	14.962	217.87	0.70029	0.025592	0.027938	supercritical
180.00	87.167	0.32311	3.0950	1.6045	1.8527	13.424	6.0400	14.988	217.91	0.69925	0.025631	0.027973	supercritical
180.00	87.333	0.32399	3.0865	1.6037	1.8517	13.416	6.0414	15.015	217.94	0.69820	0.025670	0.028008	supercritical
180.00	87.500	0.32487	3.0781	1.6029	1.8508	13.408	6.0427	15.041	217.98	0.69715	0.025710	0.028044	supercritical
180.00	87.667	0.32576	3.0698	1.6022	1.8498	13.400	6.0441	15.068	218.02	0.69610	0.025749	0.028079	supercritical
180.00	87.833	0.32664	3.0614	1.6014	1.8488	13.392	6.0454	15.095	218.05	0.69504	0.025788	0.028115	supercritical
180.00	88.000	0.32753	3.0531	1.6006	1.8478	13.384	6.0467	15.121	218.09	0.69398	0.025828	0.028151	supercritical
180.00	88.167	0.32842	3.0449	1.5998	1.8469	13.376	6.0481	15.148	218.13	0.69292	0.025867	0.028186	supercritical
180.00	88.333	0.32931	3.0367	1.5991	1.8459	13.368	6.0494	15.174	218.17	0.69186	0.025907	0.028222	supercritical
180.00	88.500	0.33020	3.0285	1.5983	1.8449	13.360	6.0507	15.201	218.21	0.69079	0.025947	0.028258	supercritical
180.00	88.667	0.33109	3.0203	1.5975	1.8440	13.352	6.0520	15.227	218.25	0.68972	0.025986	0.028294	supercritical
180.00	88.833	0.33198	3.0122	1.5968	1.8430	13.344	6.0533	15.254	218.29	0.68864	0.026026	0.028330	supercritical
180.00	89.000	0.33288	3.0041	1.5960	1.8420	13.336	6.0546	15.280	218.33	0.68756	0.026066	0.028366	supercritical
180.00	89.167	0.33377	2.9961	1.5952	1.8410	13.328	6.0559	15.307	218.37	0.68648	0.026106	0.028401	supercritical
180.00	89.333	0.33467	2.9880	1.5944	1.8401	13.320	6.0572	15.333	218.42	0.68540	0.026146	0.028438	supercritical
180.00	89.500	0.33556	2.9801	1.5937	1.8391	13.312	6.0585	15.360	218.46	0.68431	0.026187	0.028474	supercritical
180.00	89.667	0.33646	2.9721	1.5929	1.8381	13.304	6.0597	15.386	218.50	0.68322	0.026227	0.028510	supercritical
180.00	89.833	0.33736	2.9642	1.5921	1.8371	13.296	6.0610	15.413	218.55	0.68213	0.026267	0.028546	supercritical
180.00	90.000	0.33826	2.9563	1.5913	1.8362	13.288	6.0623	15.439	218.59	0.68103	0.026308	0.028582	supercritical
180.00	90.167	0.33916	2.9485	1.5906	1.8352	13.280	6.0635	15.465	218.64	0.67993	0.026348	0.028619	supercritical
180.00	90.333	0.34006	2.9406	1.5898	1.8342	13.272	6.0648	15.492	218.69	0.67883	0.026389	0.028655	supercritical
180.00	90.500	0.34096	2.9329	1.5890	1.8333	13.264	6.0660	15.518	218.73	0.67773	0.026430	0.028691	supercritical
180.00	90.667	0.34187	2.9251	1.5882	1.8323	13.256	6.0673	15.545	218.78	0.67662	0.026471	0.028728	supercritical
180.00	90.833	0.34277	2.9174	1.5875	1.8313	13.248	6.0685	15.571	218.83	0.67551	0.026511	0.028764	supercritical
180.00	91.000	0.34368	2.9097	1.5867	1.8303	13.241	6.0697	15.597	218.88	0.67439	0.026552	0.028801	supercritical
180.00	91.167	0.34458	2.9021	1.5859	1.8294	13.233	6.0709	15.623	218.93	0.67328	0.026593	0.028837	supercritical
180.00	91.333	0.34549	2.8944	1.5851	1.8284	13.225	6.0721	15.650	218.98	0.67216	0.026635	0.028874	supercritical
180.00	91.500	0.34640	2.8868	1.5843	1.8274	13.217	6.0734	15.676	219.03	0.67103	0.026676	0.028911	supercritical
180.00	91.667	0.34731	2.8793	1.5836	1.8264	13.209	6.0746	15.702	219.09	0.66991	0.026717	0.028947	supercritical
180.00	91.833	0.34822	2.8718	1.5828	1.8255	13.201	6.0757	15.728	219.14	0.66878	0.026759	0.028984	supercritical
180.00	92.000	0.34913	2.8643	1.5820	1.8245	13.193	6.0769	15.754	219.19	0.66765	0.026800	0.029021	supercritical
180.00	92.167	0.35004	2.8568	1.5812	1.8235	13.185	6.0781	15.780	219.25	0.66652	0.026842	0.029058	supercritical
180.00	92.333	0.35095	2.8494	1.5804	1.8225	13.178	6.0793	15.807	219.30	0.66538	0.026883	0.029095	supercritical
180.00	92.500	0.35187	2.8420	1.5797	1.8216	13.170	6.0805	15.833	219.36	0.66424	0.026925	0.029131	supercritical
180.00	92.667	0.35278	2.8346	1.5789	1.8206	13.162	6.0816	15.859	219.42	0.66310	0.026967	0.029168	supercritical
180.00	92.833	0.35370	2.8273	1.5781	1.8196	13.154	6.0828	15.884	219.47	0.66195	0.027009	0.029205	supercritical
180.00	93.000	0.35461	2.8200	1.5773	1.8186	13.146	6.0839	15.910	219.53	0.66081	0.027051	0.029242	supercritical
180.00	93.167	0.35553	2.8127	1.5765	1.8177	13.139	6.0851	15.936	219.59	0.65965	0.027093	0.029280	supercritical
180.00	93.333	0.35645	2.8055	1.5758	1.8167	13.131	6.0862	15.962	219.65	0.65850	0.027135	0.029317	supercritical
180.00	93.500	0.35736	2.7983	1.5750	1.8157	13.123	6.0873	15.988	219.71	0.65735	0.027177	0.029354	supercritical
180.00	93.667	0.35828	2.7911	1.5742	1.8147	13.115	6.0884	16.014	219.77	0.65619	0.027220	0.029391	supercritical
180.00	93.833	0.35920	2.7839	1.5734	1.8138	13.107	6.0896	16.039	219.83	0.65503	0.027262	0.029428	supercritical
180.00	94.000	0.36012	2.7768	1.5726	1.8128	13.100	6.0907	16.065	219.90	0.65386	0.027304	0.029466	supercritical
180.00	94.167	0.36105	2.7697	1.5718	1.8118	13.092	6.0918	16.091	219.96	0.65270	0.027347	0.029503	supercritical
180.00	94.333	0.36197	2.7627	1.5710	1.8109	13.084	6.0929	16.116	220.02	0.65153	0.027390	0.029540	supercritical
180.00	94.500	0.36289	2.7556	1.5703	1.8099	13.076	6.0940	16.142	220.09	0.65036	0.027432	0.029578	supercritical
180.00	94.667	0.36382	2.7486	1.5695	1.8089	13.069	6.0950	16.167	220.16	0.64919	0.027475	0.029615	supercritical
180.00	94.833	0.36474	2.7417	1.5687	1.8079	13.061	6.0961	16.193	220.22	0.64801	0.027518	0.029653	supercritical
180.00	95.000	0.36566	2.7347	1.5679	1.8070	13.053	6.0972	16.218	220.29	0.64683	0.027561	0.029690	supercritical
180.00	95.167	0.36659	2.7278	1.5671	1.8060	13.045	6.0983	16.243	220.36	0.64565	0.027604	0.029728	supercritical
180.00	95.333	0.36752	2.7210	1.5663	1.8050	13.038	6.0993	16.269	220.43	0.64447	0.027647	0.029765	supercritical
180.00	95.500	0.36845	2.7141	1.5656	1.8041	13.030	6.1004	16.294	220.50	0.64328	0.027691	0.029803	supercritical
180.00	95.667	0.36937	2.7073	1.5648	1.8031	13.022	6.1014	16.319	220.57	0.64210	0.027734	0.029841	supercritical
180.00	95.833	0.37030	2.7005	1.5640	1.8021	13.015	6.1024	16.344	220.64	0.64091	0.027777	0.029878	supercritical
180.00	96.000	0.37123	2.6937	1.5632	1.8011	13.007	6.1035	16.369	220.71	0.63971	0.027821	0.029916	supercritical
180.00	96.167	0.37216	2.6870	1.5624	1.8002	12.999	6.1045	16.394	220.78	0.63852	0.027864	0.029954	supercritical
180.00	96.333	0.37309	2.6803	1.5616	1.7992	12.992	6.1055	16.419	220.85	0.63732	0.027908	0.029991	supercritical
180.00	96.500	0.37402	2.6736	1.5608	1.7982	12.984	6.1065	16.444	220.93	0.63613	0.027952	0.030029	supercritical
180.00	96.667	0.37496	2.6670	1.5600	1.7973	12.976	6.1075	16.468	221.00	0.63493	0.027995	0.030067	supercritical
180.00	96.833	0.37589	2.6604	1.5593	1.7963	12.969	6.1085	16.493	221.08	0.63372	0.028039	0.030105	supercritical
180.00	97.000	0.37682	2.6538	1.5585	1.7953	12.961	6.1095	16.518	221.16	0.63252	0.028083	0.030143	supercritical
180.00	97.167	0.37776	2.6472	1.5577	1.7944	12.953	6.1105	16.542	221.23	0.63131	0.028127	0.030181	supercritical
180.00	97.333	0.37869	2.6407	1.5569	1.7934	12.946	6.1115	16.567	221.31	0.63010	0.028171	0.030219	supercritical
180.00	97.500	0.37962	2.6342	1.5561	1.7924	12.938	6.1124	16.591	221.39	0.62889	0.028216	0.030257	supercritical
180.00	97.667	0.38056	2.6277	1.5553	1.7915	12.930	6.1134	16.616	221.47	0.62768	0.028260	0.030295	supercritical
180.00	97.833	0.38150	2.6213	1.5545	1.7905	12.923	6.1143	16.640	221.55	0.62647	0.028304	0.030333	supercritical
180.00	98.000	0.38243	2.6148	1.5537	1.7895	12.915	6.1153	16.664	221.63	0.62525	0.028349	0.030371	supercritical
180.00	98.167	0.38337	2.6084	1.5530	1.7886	12.908	6.1162	16.688	221.71	0.62403	0.028393	0.030409	supercritical
180.00	98.333	0.38431	2.6021	1.5522	1.7876	12.900	6.1172	16.712	221.80	0.62281	0.028438	0.030447	supercritical
180.00	98.500	0.38525	2.5957	1.5514	1.7866	12.893	6.1181	16.736	221.88	0.62159	0.028482	0.030485	supercritical
180.00	98.667	0.38618	2.5894	1.5506	1.7857	12.885	6.1190	16.760	221.97	0.62037	0.028527	0.030523	supercritical
180.00	98.833	0.38712	2.5832	1.5498	1.7847	12.877	6.1199	16.784	222.05	0.61914	0.028572	0.030562	supercritical
180.00	99.000	0.38806	2.5769	1.5490	1.7838	12.870	6.1208	16.808	222.14	0.61791	0.028617	0.030600	supercritical
180.00	99.167	0.38900	2.5707	1.5482	1.7828	12.862	6.1217	16.831	222.22	0.61669	0.028662	0.030638	supercritical
180.00	99.333	0.38994	2.5645	1.5474	1.7818	12.855	6.1226	16.855	222.31	0.61546	0.028707	0.030676	supercritical
180.00	99.500	0.39088	2.5583	1.5466	1.7809	12.847	6.1235	16.878	222.40	0.61422	0.028752	0.030714	supercritical
180.00	99.667	0.39183	2.5522	1.5459	1.7799	12.840	6.1244	16.902	222.49	0.61299	0.028797	0.030753	supercritical
180.00	99.833	0.39277	2.5460	1.5451	1.7790	12.832	6.1253	16.925	222.58	0.61176	0.028842	0.030791	supercritical
180.00	100.00	0.39371	2.5399	1.5443	1.7780	12.825	6.1262	16.948	222.67	0.61052	0.028888	0.030829	supercritical
