Temperature (K)	Pressure (atm)	Density (g/ml)	Volume (ml/g)	Internal Energy (kcal/mol)	Enthalpy (kcal/mol)	Entropy (cal/mol*K)	Cv (cal/mol*K)	Cp (cal/mol*K)	Sound Spd. (m/s)	Joule-Thomson (F/atm)	Viscosity (cP)	Therm. Cond. (W/m*K)	Phase
200.00	0.0000	0.0000	infinite	2.0092	2.4066	-2.3900e+06	5.1076	7.0948	246.56	undefined	0.016313	0.017398	vapor
200.00	0.16667	0.00038602	2590.6	2.0088	2.4061	28.310	5.1088	7.0995	246.52	0.75115	0.016319	0.017419	vapor
200.00	0.33333	0.00077232	1294.8	2.0085	2.4056	26.931	5.1101	7.1043	246.48	0.75128	0.016324	0.017440	vapor
200.00	0.50000	0.0011589	862.89	2.0081	2.4051	26.123	5.1113	7.1090	246.45	0.75141	0.016329	0.017461	vapor
200.00	0.66667	0.0015458	646.93	2.0078	2.4046	25.550	5.1126	7.1138	246.41	0.75153	0.016335	0.017482	vapor
200.00	0.83333	0.0019329	517.35	2.0074	2.4041	25.105	5.1138	7.1186	246.37	0.75166	0.016340	0.017503	vapor
200.00	1.0000	0.0023203	430.97	2.0071	2.4036	24.741	5.1151	7.1233	246.33	0.75178	0.016346	0.017524	vapor
200.00	1.1667	0.0027081	369.27	2.0067	2.4032	24.433	5.1163	7.1281	246.29	0.75190	0.016351	0.017545	vapor
200.00	1.3333	0.0030961	322.99	2.0064	2.4027	24.166	5.1176	7.1329	246.26	0.75202	0.016357	0.017566	vapor
200.00	1.5000	0.0034844	287.00	2.0060	2.4022	23.930	5.1188	7.1377	246.22	0.75213	0.016363	0.017587	vapor
200.00	1.6667	0.0038730	258.20	2.0057	2.4017	23.719	5.1200	7.1426	246.18	0.75224	0.016368	0.017608	vapor
200.00	1.8333	0.0042618	234.64	2.0053	2.4012	23.527	5.1213	7.1474	246.14	0.75235	0.016374	0.017629	vapor
200.00	2.0000	0.0046510	215.01	2.0050	2.4007	23.353	5.1225	7.1522	246.10	0.75246	0.016380	0.017650	vapor
200.00	2.1667	0.0050404	198.40	2.0046	2.4002	23.192	5.1238	7.1571	246.06	0.75257	0.016386	0.017671	vapor
200.00	2.3333	0.0054302	184.16	2.0043	2.3997	23.043	5.1250	7.1619	246.03	0.75267	0.016392	0.017692	vapor
200.00	2.5000	0.0058202	171.82	2.0039	2.3992	22.904	5.1263	7.1668	245.99	0.75277	0.016398	0.017713	vapor
200.00	2.6667	0.0062105	161.02	2.0036	2.3987	22.774	5.1275	7.1717	245.95	0.75287	0.016404	0.017734	vapor
200.00	2.8333	0.0066012	151.49	2.0032	2.3982	22.652	5.1288	7.1766	245.91	0.75296	0.016410	0.017755	vapor
200.00	3.0000	0.0069921	143.02	2.0029	2.3977	22.536	5.1300	7.1815	245.87	0.75306	0.016416	0.017776	vapor
200.00	3.1667	0.0073833	135.44	2.0025	2.3972	22.427	5.1313	7.1864	245.83	0.75315	0.016423	0.017797	vapor
200.00	3.3333	0.0077748	128.62	2.0021	2.3967	22.324	5.1325	7.1913	245.79	0.75324	0.016429	0.017818	vapor
200.00	3.5000	0.0081666	122.45	2.0018	2.3962	22.225	5.1338	7.1962	245.76	0.75332	0.016435	0.017839	vapor
200.00	3.6667	0.0085587	116.84	2.0014	2.3957	22.131	5.1350	7.2011	245.72	0.75341	0.016442	0.017860	vapor
200.00	3.8333	0.0089511	111.72	2.0011	2.3952	22.040	5.1363	7.2061	245.68	0.75349	0.016448	0.017880	vapor
200.00	4.0000	0.0093437	107.02	2.0007	2.3947	21.954	5.1375	7.2110	245.64	0.75357	0.016455	0.017901	vapor
200.00	4.1667	0.0097367	102.70	2.0004	2.3942	21.871	5.1388	7.2160	245.60	0.75365	0.016461	0.017922	vapor
200.00	4.3333	0.010130	98.716	2.0000	2.3936	21.791	5.1400	7.2210	245.56	0.75372	0.016468	0.017943	vapor
200.00	4.5000	0.010524	95.024	1.9997	2.3931	21.715	5.1413	7.2260	245.52	0.75379	0.016474	0.017964	vapor
200.00	4.6667	0.010917	91.596	1.9993	2.3926	21.641	5.1426	7.2310	245.48	0.75386	0.016481	0.017985	vapor
200.00	4.8333	0.011312	88.404	1.9990	2.3921	21.569	5.1438	7.2360	245.44	0.75393	0.016488	0.018006	vapor
200.00	5.0000	0.011706	85.425	1.9986	2.3916	21.500	5.1451	7.2410	245.41	0.75400	0.016495	0.018027	vapor
200.00	5.1667	0.012101	82.638	1.9982	2.3911	21.433	5.1463	7.2460	245.37	0.75406	0.016502	0.018047	vapor
200.00	5.3333	0.012496	80.025	1.9979	2.3906	21.368	5.1476	7.2510	245.33	0.75412	0.016508	0.018068	vapor
200.00	5.5000	0.012891	77.571	1.9975	2.3901	21.305	5.1488	7.2561	245.29	0.75418	0.016515	0.018089	vapor
200.00	5.6667	0.013287	75.261	1.9972	2.3896	21.244	5.1501	7.2611	245.25	0.75423	0.016522	0.018110	vapor
200.00	5.8333	0.013683	73.082	1.9968	2.3891	21.185	5.1513	7.2662	245.21	0.75429	0.016529	0.018131	vapor
200.00	6.0000	0.014079	71.025	1.9965	2.3886	21.127	5.1526	7.2713	245.17	0.75434	0.016537	0.018151	vapor
200.00	6.1667	0.014476	69.079	1.9961	2.3881	21.071	5.1539	7.2764	245.13	0.75439	0.016544	0.018172	vapor
200.00	6.3333	0.014873	67.236	1.9957	2.3876	21.016	5.1551	7.2815	245.09	0.75443	0.016551	0.018193	vapor
200.00	6.5000	0.015270	65.487	1.9954	2.3871	20.962	5.1564	7.2866	245.06	0.75448	0.016558	0.018214	vapor
200.00	6.6667	0.015668	63.825	1.9950	2.3866	20.910	5.1576	7.2917	245.02	0.75452	0.016566	0.018235	vapor
200.00	6.8333	0.016066	62.245	1.9947	2.3860	20.859	5.1589	7.2968	244.98	0.75456	0.016573	0.018255	vapor
200.00	7.0000	0.016464	60.739	1.9943	2.3855	20.810	5.1602	7.3019	244.94	0.75460	0.016580	0.018276	vapor
200.00	7.1667	0.016862	59.304	1.9939	2.3850	20.761	5.1614	7.3071	244.90	0.75463	0.016588	0.018297	vapor
200.00	7.3333	0.017261	57.934	1.9936	2.3845	20.714	5.1627	7.3123	244.86	0.75467	0.016595	0.018318	vapor
200.00	7.5000	0.017660	56.625	1.9932	2.3840	20.667	5.1639	7.3174	244.82	0.75470	0.016603	0.018338	vapor
200.00	7.6667	0.018060	55.372	1.9929	2.3835	20.622	5.1652	7.3226	244.78	0.75473	0.016611	0.018359	vapor
200.00	7.8333	0.018459	54.173	1.9925	2.3830	20.577	5.1665	7.3278	244.74	0.75475	0.016618	0.018380	vapor
200.00	8.0000	0.018859	53.024	1.9921	2.3825	20.533	5.1677	7.3330	244.70	0.75478	0.016626	0.018400	vapor
200.00	8.1667	0.019260	51.922	1.9918	2.3820	20.491	5.1690	7.3382	244.67	0.75480	0.016634	0.018421	vapor
200.00	8.3333	0.019660	50.864	1.9914	2.3814	20.449	5.1703	7.3434	244.63	0.75482	0.016642	0.018442	vapor
200.00	8.5000	0.020061	49.847	1.9910	2.3809	20.407	5.1715	7.3486	244.59	0.75483	0.016650	0.018463	vapor
200.00	8.6667	0.020463	48.870	1.9907	2.3804	20.367	5.1728	7.3539	244.55	0.75485	0.016658	0.018483	vapor
200.00	8.8333	0.020864	47.929	1.9903	2.3799	20.327	5.1740	7.3591	244.51	0.75486	0.016665	0.018504	vapor
200.00	9.0000	0.021266	47.023	1.9900	2.3794	20.288	5.1753	7.3644	244.47	0.75487	0.016674	0.018525	vapor
200.00	9.1667	0.021668	46.150	1.9896	2.3789	20.250	5.1766	7.3697	244.43	0.75488	0.016682	0.018545	vapor
200.00	9.3333	0.022071	45.308	1.9892	2.3784	20.212	5.1778	7.3750	244.39	0.75489	0.016690	0.018566	vapor
200.00	9.5000	0.022474	44.496	1.9889	2.3778	20.175	5.1791	7.3802	244.35	0.75489	0.016698	0.018587	vapor
200.00	9.6667	0.022877	43.712	1.9885	2.3773	20.139	5.1804	7.3855	244.32	0.75489	0.016706	0.018607	vapor
200.00	9.8333	0.023281	42.954	1.9881	2.3768	20.103	5.1817	7.3909	244.28	0.75489	0.016714	0.018628	vapor
200.00	10.000	0.023684	42.222	1.9878	2.3763	20.068	5.1829	7.3962	244.24	0.75489	0.016723	0.018648	vapor
200.00	10.167	0.024088	41.514	1.9874	2.3758	20.033	5.1842	7.4015	244.20	0.75488	0.016731	0.018669	vapor
200.00	10.333	0.024493	40.828	1.9870	2.3753	19.999	5.1855	7.4069	244.16	0.75487	0.016740	0.018690	vapor
200.00	10.500	0.024898	40.164	1.9867	2.3747	19.966	5.1867	7.4122	244.12	0.75486	0.016748	0.018710	vapor
200.00	10.667	0.025303	39.521	1.9863	2.3742	19.932	5.1880	7.4176	244.08	0.75485	0.016757	0.018731	vapor
200.00	10.833	0.025708	38.898	1.9859	2.3737	19.900	5.1893	7.4230	244.04	0.75484	0.016765	0.018751	vapor
200.00	11.000	0.026114	38.294	1.9856	2.3732	19.868	5.1905	7.4284	244.01	0.75482	0.016774	0.018772	vapor
200.00	11.167	0.026520	37.707	1.9852	2.3727	19.836	5.1918	7.4338	243.97	0.75480	0.016782	0.018793	vapor
200.00	11.333	0.026927	37.138	1.9848	2.3721	19.805	5.1931	7.4392	243.93	0.75478	0.016791	0.018813	vapor
200.00	11.500	0.027333	36.585	1.9845	2.3716	19.774	5.1944	7.4446	243.89	0.75476	0.016800	0.018834	vapor
200.00	11.667	0.027740	36.049	1.9841	2.3711	19.743	5.1956	7.4500	243.85	0.75473	0.016809	0.018854	vapor
200.00	11.833	0.028148	35.527	1.9837	2.3706	19.713	5.1969	7.4555	243.81	0.75470	0.016818	0.018875	vapor
200.00	12.000	0.028555	35.020	1.9834	2.3701	19.683	5.1982	7.4609	243.77	0.75467	0.016826	0.018895	vapor
200.00	12.167	0.028964	34.526	1.9830	2.3695	19.654	5.1995	7.4664	243.74	0.75464	0.016835	0.018916	vapor
200.00	12.333	0.029372	34.046	1.9826	2.3690	19.625	5.2007	7.4719	243.70	0.75461	0.016844	0.018936	vapor
200.00	12.500	0.029781	33.579	1.9823	2.3685	19.597	5.2020	7.4773	243.66	0.75457	0.016853	0.018957	vapor
200.00	12.667	0.030190	33.124	1.9819	2.3680	19.569	5.2033	7.4828	243.62	0.75453	0.016863	0.018977	vapor
200.00	12.833	0.030599	32.681	1.9815	2.3674	19.541	5.2046	7.4883	243.58	0.75449	0.016872	0.018998	vapor
200.00	13.000	0.031009	32.249	1.9812	2.3669	19.513	5.2059	7.4939	243.54	0.75445	0.016881	0.019018	vapor
200.00	13.167	0.031419	31.828	1.9808	2.3664	19.486	5.2071	7.4994	243.51	0.75441	0.016890	0.019039	vapor
200.00	13.333	0.031829	31.418	1.9804	2.3659	19.459	5.2084	7.5049	243.47	0.75436	0.016899	0.019059	vapor
200.00	13.500	0.032240	31.018	1.9800	2.3654	19.433	5.2097	7.5105	243.43	0.75431	0.016909	0.019080	vapor
200.00	13.667	0.032651	30.627	1.9797	2.3648	19.406	5.2110	7.5161	243.39	0.75426	0.016918	0.019100	vapor
200.00	13.833	0.033062	30.246	1.9793	2.3643	19.380	5.2123	7.5216	243.35	0.75420	0.016928	0.019121	vapor
200.00	14.000	0.033474	29.874	1.9789	2.3638	19.355	5.2135	7.5272	243.32	0.75415	0.016937	0.019141	vapor
200.00	14.167	0.033886	29.511	1.9786	2.3633	19.329	5.2148	7.5328	243.28	0.75409	0.016947	0.019162	vapor
200.00	14.333	0.034298	29.156	1.9782	2.3627	19.304	5.2161	7.5384	243.24	0.75403	0.016956	0.019182	vapor
200.00	14.500	0.034711	28.810	1.9778	2.3622	19.279	5.2174	7.5440	243.20	0.75397	0.016966	0.019203	vapor
200.00	14.667	0.035124	28.471	1.9774	2.3617	19.255	5.2187	7.5497	243.17	0.75390	0.016975	0.019223	vapor
200.00	14.833	0.035537	28.140	1.9771	2.3611	19.230	5.2200	7.5553	243.13	0.75384	0.016985	0.019244	vapor
200.00	15.000	0.035951	27.816	1.9767	2.3606	19.206	5.2212	7.5610	243.09	0.75377	0.016995	0.019264	vapor
200.00	15.167	0.036365	27.499	1.9763	2.3601	19.182	5.2225	7.5666	243.05	0.75370	0.017005	0.019284	vapor
200.00	15.333	0.036779	27.189	1.9759	2.3596	19.159	5.2238	7.5723	243.02	0.75363	0.017014	0.019305	vapor
200.00	15.500	0.037194	26.886	1.9756	2.3590	19.135	5.2251	7.5780	242.98	0.75355	0.017024	0.019325	vapor
200.00	15.667	0.037609	26.590	1.9752	2.3585	19.112	5.2264	7.5837	242.94	0.75347	0.017034	0.019346	vapor
200.00	15.833	0.038024	26.299	1.9748	2.3580	19.089	5.2277	7.5894	242.90	0.75340	0.017044	0.019366	vapor
200.00	16.000	0.038440	26.015	1.9744	2.3574	19.067	5.2290	7.5951	242.87	0.75331	0.017054	0.019386	vapor
200.00	16.167	0.038856	25.736	1.9741	2.3569	19.044	5.2303	7.6008	242.83	0.75323	0.017064	0.019407	vapor
200.00	16.333	0.039272	25.463	1.9737	2.3564	19.022	5.2315	7.6066	242.79	0.75315	0.017074	0.019427	vapor
200.00	16.500	0.039689	25.196	1.9733	2.3559	19.000	5.2328	7.6123	242.76	0.75306	0.017085	0.019447	vapor
200.00	16.667	0.040106	24.934	1.9729	2.3553	18.978	5.2341	7.6181	242.72	0.75297	0.017095	0.019468	vapor
200.00	16.833	0.040523	24.677	1.9726	2.3548	18.956	5.2354	7.6239	242.68	0.75288	0.017105	0.019488	vapor
200.00	17.000	0.040941	24.425	1.9722	2.3543	18.935	5.2367	7.6296	242.65	0.75279	0.017115	0.019508	vapor
200.00	17.167	0.041359	24.178	1.9718	2.3537	18.914	5.2380	7.6354	242.61	0.75269	0.017126	0.019529	vapor
200.00	17.333	0.041777	23.936	1.9714	2.3532	18.892	5.2393	7.6412	242.57	0.75259	0.017136	0.019549	vapor
200.00	17.500	0.042196	23.699	1.9710	2.3527	18.872	5.2406	7.6471	242.54	0.75249	0.017146	0.019569	vapor
200.00	17.667	0.042615	23.466	1.9707	2.3521	18.851	5.2419	7.6529	242.50	0.75239	0.017157	0.019590	vapor
200.00	17.833	0.043035	23.237	1.9703	2.3516	18.830	5.2432	7.6587	242.46	0.75229	0.017167	0.019610	vapor
200.00	18.000	0.043455	23.013	1.9699	2.3511	18.810	5.2445	7.6646	242.43	0.75218	0.017178	0.019630	vapor
200.00	18.167	0.043875	22.792	1.9695	2.3505	18.790	5.2458	7.6705	242.39	0.75207	0.017189	0.019651	vapor
200.00	18.333	0.044295	22.576	1.9691	2.3500	18.769	5.2471	7.6763	242.35	0.75196	0.017199	0.019671	vapor
200.00	18.500	0.044716	22.363	1.9688	2.3495	18.750	5.2484	7.6822	242.32	0.75185	0.017210	0.019691	vapor
200.00	18.667	0.045137	22.155	1.9684	2.3489	18.730	5.2496	7.6881	242.28	0.75174	0.017221	0.019711	vapor
200.00	18.833	0.045559	21.950	1.9680	2.3484	18.710	5.2509	7.6940	242.25	0.75162	0.017232	0.019732	vapor
200.00	19.000	0.045980	21.748	1.9676	2.3479	18.691	5.2522	7.7000	242.21	0.75150	0.017242	0.019752	vapor
200.00	19.167	0.046403	21.551	1.9672	2.3473	18.672	5.2535	7.7059	242.18	0.75138	0.017253	0.019772	vapor
200.00	19.333	0.046825	21.356	1.9669	2.3468	18.652	5.2548	7.7118	242.14	0.75126	0.017264	0.019792	vapor
200.00	19.500	0.047248	21.165	1.9665	2.3462	18.633	5.2561	7.7178	242.10	0.75114	0.017275	0.019813	vapor
200.00	19.667	0.047671	20.977	1.9661	2.3457	18.615	5.2574	7.7238	242.07	0.75101	0.017286	0.019833	vapor
200.00	19.833	0.048095	20.792	1.9657	2.3452	18.596	5.2587	7.7298	242.03	0.75089	0.017297	0.019853	vapor
200.00	20.000	0.048519	20.611	1.9653	2.3446	18.577	5.2600	7.7357	242.00	0.75076	0.017308	0.019873	vapor
200.00	20.167	0.048943	20.432	1.9649	2.3441	18.559	5.2613	7.7418	241.96	0.75062	0.017319	0.019893	vapor
200.00	20.333	0.049368	20.256	1.9646	2.3436	18.541	5.2626	7.7478	241.93	0.75049	0.017331	0.019914	vapor
200.00	20.500	0.049793	20.083	1.9642	2.3430	18.522	5.2640	7.7538	241.89	0.75035	0.017342	0.019934	vapor
200.00	20.667	0.050218	19.913	1.9638	2.3425	18.504	5.2653	7.7598	241.86	0.75022	0.017353	0.019954	vapor
200.00	20.833	0.050643	19.746	1.9634	2.3419	18.487	5.2666	7.7659	241.82	0.75008	0.017364	0.019974	vapor
200.00	21.000	0.051069	19.581	1.9630	2.3414	18.469	5.2679	7.7720	241.79	0.74994	0.017376	0.019994	vapor
200.00	21.167	0.051496	19.419	1.9626	2.3409	18.451	5.2692	7.7780	241.75	0.74979	0.017387	0.020015	vapor
200.00	21.333	0.051923	19.259	1.9622	2.3403	18.434	5.2705	7.7841	241.72	0.74965	0.017398	0.020035	vapor
200.00	21.500	0.052350	19.102	1.9619	2.3398	18.416	5.2718	7.7902	241.68	0.74950	0.017410	0.020055	vapor
200.00	21.667	0.052777	18.948	1.9615	2.3392	18.399	5.2731	7.7963	241.65	0.74935	0.017421	0.020075	vapor
200.00	21.833	0.053205	18.795	1.9611	2.3387	18.382	5.2744	7.8024	241.62	0.74920	0.017433	0.020095	vapor
200.00	22.000	0.053633	18.645	1.9607	2.3382	18.365	5.2757	7.8086	241.58	0.74905	0.017445	0.020115	vapor
200.00	22.167	0.054061	18.498	1.9603	2.3376	18.348	5.2770	7.8147	241.55	0.74889	0.017456	0.020135	vapor
200.00	22.333	0.054490	18.352	1.9599	2.3371	18.331	5.2783	7.8209	241.51	0.74874	0.017468	0.020156	vapor
200.00	22.500	0.054919	18.209	1.9595	2.3365	18.314	5.2796	7.8270	241.48	0.74858	0.017480	0.020176	vapor
200.00	22.667	0.055349	18.067	1.9592	2.3360	18.297	5.2809	7.8332	241.45	0.74842	0.017491	0.020196	vapor
200.00	22.833	0.055779	17.928	1.9588	2.3354	18.281	5.2822	7.8394	241.41	0.74826	0.017503	0.020216	vapor
200.00	23.000	0.056209	17.791	1.9584	2.3349	18.265	5.2836	7.8456	241.38	0.74809	0.017515	0.020236	vapor
200.00	23.167	0.056639	17.656	1.9580	2.3344	18.248	5.2849	7.8518	241.35	0.74792	0.017527	0.020256	vapor
200.00	23.333	0.057070	17.522	1.9576	2.3338	18.232	5.2862	7.8581	241.31	0.74776	0.017539	0.020276	vapor
200.00	23.500	0.057502	17.391	1.9572	2.3333	18.216	5.2875	7.8643	241.28	0.74759	0.017551	0.020296	vapor
200.00	23.667	0.057933	17.261	1.9568	2.3327	18.200	5.2888	7.8706	241.25	0.74742	0.017563	0.020316	vapor
200.00	23.833	0.058365	17.133	1.9564	2.3322	18.184	5.2901	7.8768	241.21	0.74724	0.017575	0.020336	vapor
200.00	24.000	0.058798	17.007	1.9560	2.3316	18.168	5.2914	7.8831	241.18	0.74707	0.017587	0.020356	vapor
200.00	24.167	0.059230	16.883	1.9556	2.3311	18.152	5.2927	7.8894	241.15	0.74689	0.017599	0.020376	vapor
200.00	24.333	0.059663	16.761	1.9553	2.3305	18.137	5.2941	7.8957	241.11	0.74671	0.017611	0.020397	vapor
200.00	24.500	0.060097	16.640	1.9549	2.3300	18.121	5.2954	7.9020	241.08	0.74653	0.017624	0.020417	vapor
200.00	24.667	0.060531	16.521	1.9545	2.3295	18.106	5.2967	7.9083	241.05	0.74635	0.017636	0.020437	vapor
200.00	24.833	0.060965	16.403	1.9541	2.3289	18.090	5.2980	7.9147	241.02	0.74616	0.017648	0.020457	vapor
200.00	25.000	0.061399	16.287	1.9537	2.3284	18.075	5.2993	7.9210	240.98	0.74598	0.017661	0.020477	vapor
200.00	25.167	0.061834	16.172	1.9533	2.3278	18.060	5.3006	7.9274	240.95	0.74579	0.017673	0.020497	vapor
200.00	25.333	0.062269	16.059	1.9529	2.3273	18.045	5.3020	7.9337	240.92	0.74560	0.017685	0.020517	vapor
200.00	25.500	0.062705	15.948	1.9525	2.3267	18.030	5.3033	7.9401	240.89	0.74541	0.017698	0.020537	vapor
200.00	25.667	0.063141	15.838	1.9521	2.3262	18.015	5.3046	7.9465	240.86	0.74522	0.017710	0.020557	vapor
200.00	25.833	0.063577	15.729	1.9517	2.3256	18.000	5.3059	7.9529	240.82	0.74502	0.017723	0.020577	vapor
200.00	26.000	0.064014	15.622	1.9513	2.3251	17.985	5.3072	7.9594	240.79	0.74482	0.017736	0.020597	vapor
200.00	26.167	0.064451	15.516	1.9509	2.3245	17.971	5.3086	7.9658	240.76	0.74463	0.017748	0.020617	vapor
200.00	26.333	0.064888	15.411	1.9505	2.3240	17.956	5.3099	7.9722	240.73	0.74443	0.017761	0.020637	vapor
200.00	26.500	0.065326	15.308	1.9501	2.3234	17.942	5.3112	7.9787	240.70	0.74422	0.017774	0.020656	vapor
200.00	26.667	0.065764	15.206	1.9497	2.3229	17.927	5.3125	7.9852	240.67	0.74402	0.017786	0.020676	vapor
200.00	26.833	0.066202	15.105	1.9494	2.3223	17.913	5.3138	7.9916	240.64	0.74382	0.017799	0.020696	vapor
200.00	27.000	0.066641	15.006	1.9490	2.3218	17.898	5.3152	7.9981	240.61	0.74361	0.017812	0.020716	vapor
200.00	27.167	0.067080	14.908	1.9486	2.3212	17.884	5.3165	8.0046	240.58	0.74340	0.017825	0.020736	vapor
200.00	27.333	0.067519	14.811	1.9482	2.3207	17.870	5.3178	8.0112	240.54	0.74319	0.017838	0.020756	vapor
200.00	27.500	0.067959	14.715	1.9478	2.3201	17.856	5.3191	8.0177	240.51	0.74298	0.017851	0.020776	vapor
200.00	27.667	0.068400	14.620	1.9474	2.3196	17.842	5.3205	8.0242	240.48	0.74276	0.017864	0.020796	vapor
200.00	27.833	0.068840	14.526	1.9470	2.3190	17.828	5.3218	8.0308	240.45	0.74255	0.017877	0.020816	vapor
200.00	28.000	0.069281	14.434	1.9466	2.3185	17.814	5.3231	8.0374	240.42	0.74233	0.017890	0.020836	vapor
200.00	28.167	0.069722	14.343	1.9462	2.3179	17.800	5.3244	8.0439	240.39	0.74211	0.017903	0.020856	vapor
200.00	28.333	0.070164	14.252	1.9458	2.3174	17.787	5.3258	8.0505	240.36	0.74189	0.017916	0.020876	vapor
200.00	28.500	0.070606	14.163	1.9454	2.3168	17.773	5.3271	8.0571	240.33	0.74167	0.017929	0.020896	vapor
200.00	28.667	0.071048	14.075	1.9450	2.3163	17.759	5.3284	8.0638	240.30	0.74145	0.017943	0.020915	vapor
200.00	28.833	0.071491	13.988	1.9446	2.3157	17.746	5.3298	8.0704	240.27	0.74122	0.017956	0.020935	vapor
200.00	29.000	0.071934	13.902	1.9442	2.3151	17.732	5.3311	8.0770	240.25	0.74099	0.017969	0.020955	vapor
200.00	29.167	0.072378	13.816	1.9438	2.3146	17.719	5.3324	8.0837	240.22	0.74077	0.017982	0.020975	vapor
200.00	29.333	0.072822	13.732	1.9434	2.3140	17.706	5.3337	8.0903	240.19	0.74054	0.017996	0.020995	vapor
200.00	29.500	0.073266	13.649	1.9430	2.3135	17.692	5.3351	8.0970	240.16	0.74030	0.018009	0.021015	vapor
200.00	29.667	0.073710	13.567	1.9426	2.3129	17.679	5.3364	8.1037	240.13	0.74007	0.018023	0.021035	vapor
200.00	29.833	0.074155	13.485	1.9422	2.3124	17.666	5.3377	8.1104	240.10	0.73984	0.018036	0.021054	vapor
200.00	30.000	0.074601	13.405	1.9418	2.3118	17.653	5.3391	8.1171	240.07	0.73960	0.018050	0.021074	vapor
200.00	30.167	0.075046	13.325	1.9414	2.3113	17.640	5.3404	8.1239	240.04	0.73936	0.018063	0.021094	vapor
200.00	30.333	0.075492	13.246	1.9410	2.3107	17.627	5.3417	8.1306	240.01	0.73912	0.018077	0.021114	vapor
200.00	30.500	0.075939	13.169	1.9406	2.3101	17.614	5.3431	8.1374	239.99	0.73888	0.018091	0.021134	vapor
200.00	30.667	0.076385	13.092	1.9402	2.3096	17.601	5.3444	8.1441	239.96	0.73864	0.018104	0.021153	vapor
200.00	30.833	0.076833	13.015	1.9398	2.3090	17.588	5.3457	8.1509	239.93	0.73839	0.018118	0.021173	vapor
200.00	31.000	0.077280	12.940	1.9394	2.3085	17.576	5.3471	8.1577	239.90	0.73815	0.018132	0.021193	vapor
200.00	31.167	0.077728	12.865	1.9389	2.3079	17.563	5.3484	8.1645	239.87	0.73790	0.018146	0.021213	vapor
200.00	31.333	0.078176	12.792	1.9385	2.3074	17.550	5.3497	8.1713	239.85	0.73765	0.018159	0.021233	vapor
200.00	31.500	0.078625	12.719	1.9381	2.3068	17.538	5.3511	8.1781	239.82	0.73740	0.018173	0.021252	vapor
200.00	31.667	0.079074	12.646	1.9377	2.3062	17.525	5.3524	8.1850	239.79	0.73715	0.018187	0.021272	vapor
200.00	31.833	0.079523	12.575	1.9373	2.3057	17.513	5.3537	8.1918	239.76	0.73689	0.018201	0.021292	vapor
200.00	32.000	0.079973	12.504	1.9369	2.3051	17.500	5.3551	8.1987	239.74	0.73664	0.018215	0.021312	vapor
200.00	32.167	0.080423	12.434	1.9365	2.3046	17.488	5.3564	8.2056	239.71	0.73638	0.018229	0.021331	vapor
200.00	32.333	0.080873	12.365	1.9361	2.3040	17.476	5.3577	8.2125	239.68	0.73612	0.018243	0.021351	vapor
200.00	32.500	0.081324	12.297	1.9357	2.3034	17.464	5.3591	8.2194	239.66	0.73586	0.018257	0.021371	vapor
200.00	32.667	0.081775	12.229	1.9353	2.3029	17.451	5.3604	8.2263	239.63	0.73560	0.018272	0.021391	vapor
200.00	32.833	0.082226	12.162	1.9349	2.3023	17.439	5.3617	8.2332	239.60	0.73534	0.018286	0.021410	vapor
200.00	33.000	0.082678	12.095	1.9345	2.3018	17.427	5.3631	8.2402	239.58	0.73508	0.018300	0.021430	vapor
200.00	33.167	0.083131	12.029	1.9341	2.3012	17.415	5.3644	8.2471	239.55	0.73481	0.018314	0.021450	vapor
200.00	33.333	0.083583	11.964	1.9337	2.3006	17.403	5.3658	8.2541	239.53	0.73455	0.018329	0.021469	vapor
200.00	33.500	0.084036	11.900	1.9333	2.3001	17.391	5.3671	8.2611	239.50	0.73428	0.018343	0.021489	vapor
200.00	33.667	0.084489	11.836	1.9329	2.2995	17.379	5.3684	8.2681	239.47	0.73401	0.018357	0.021509	vapor
200.00	33.833	0.084943	11.773	1.9324	2.2990	17.367	5.3698	8.2751	239.45	0.73374	0.018372	0.021529	vapor
200.00	34.000	0.085397	11.710	1.9320	2.2984	17.355	5.3711	8.2821	239.42	0.73346	0.018386	0.021548	vapor
200.00	34.167	0.085852	11.648	1.9316	2.2978	17.344	5.3725	8.2891	239.40	0.73319	0.018401	0.021568	vapor
200.00	34.333	0.086307	11.587	1.9312	2.2973	17.332	5.3738	8.2962	239.37	0.73292	0.018415	0.021588	vapor
200.00	34.500	0.086762	11.526	1.9308	2.2967	17.320	5.3751	8.3032	239.35	0.73264	0.018430	0.021607	vapor
200.00	34.667	0.087217	11.466	1.9304	2.2961	17.309	5.3765	8.3103	239.32	0.73236	0.018444	0.021627	vapor
200.00	34.833	0.087673	11.406	1.9300	2.2956	17.297	5.3778	8.3174	239.30	0.73208	0.018459	0.021647	vapor
200.00	35.000	0.088130	11.347	1.9296	2.2950	17.286	5.3792	8.3245	239.27	0.73180	0.018473	0.021666	vapor
200.00	35.167	0.088586	11.288	1.9292	2.2944	17.274	5.3805	8.3316	239.25	0.73152	0.018488	0.021686	vapor
200.00	35.333	0.089043	11.231	1.9287	2.2939	17.263	5.3819	8.3387	239.22	0.73123	0.018503	0.021705	vapor
200.00	35.500	0.089501	11.173	1.9283	2.2933	17.251	5.3832	8.3459	239.20	0.73095	0.018518	0.021725	vapor
200.00	35.667	0.089958	11.116	1.9279	2.2928	17.240	5.3845	8.3530	239.17	0.73066	0.018532	0.021745	vapor
200.00	35.833	0.090417	11.060	1.9275	2.2922	17.228	5.3859	8.3602	239.15	0.73038	0.018547	0.021764	vapor
200.00	36.000	0.090875	11.004	1.9271	2.2916	17.217	5.3872	8.3673	239.13	0.73009	0.018562	0.021784	vapor
200.00	36.167	0.091334	10.949	1.9267	2.2911	17.206	5.3886	8.3745	239.10	0.72980	0.018577	0.021804	vapor
200.00	36.333	0.091793	10.894	1.9263	2.2905	17.195	5.3899	8.3817	239.08	0.72951	0.018592	0.021823	vapor
200.00	36.500	0.092253	10.840	1.9259	2.2899	17.184	5.3913	8.3889	239.06	0.72921	0.018607	0.021843	vapor
200.00	36.667	0.092713	10.786	1.9254	2.2894	17.172	5.3926	8.3962	239.03	0.72892	0.018622	0.021862	vapor
200.00	36.833	0.093173	10.733	1.9250	2.2888	17.161	5.3940	8.4034	239.01	0.72862	0.018637	0.021882	vapor
200.00	37.000	0.093634	10.680	1.9246	2.2882	17.150	5.3953	8.4107	238.99	0.72833	0.018652	0.021901	vapor
200.00	37.167	0.094095	10.628	1.9242	2.2877	17.139	5.3966	8.4179	238.96	0.72803	0.018667	0.021921	vapor
200.00	37.333	0.094557	10.576	1.9238	2.2871	17.128	5.3980	8.4252	238.94	0.72773	0.018682	0.021941	vapor
200.00	37.500	0.095018	10.524	1.9234	2.2865	17.117	5.3993	8.4325	238.92	0.72743	0.018698	0.021960	vapor
200.00	37.667	0.095481	10.473	1.9229	2.2860	17.106	5.4007	8.4398	238.90	0.72713	0.018713	0.021980	vapor
200.00	37.833	0.095943	10.423	1.9225	2.2854	17.096	5.4020	8.4471	238.87	0.72683	0.018728	0.021999	vapor
200.00	38.000	0.096406	10.373	1.9221	2.2848	17.085	5.4034	8.4544	238.85	0.72652	0.018743	0.022019	vapor
200.00	38.167	0.096870	10.323	1.9217	2.2842	17.074	5.4047	8.4618	238.83	0.72622	0.018759	0.022038	vapor
200.00	38.333	0.097333	10.274	1.9213	2.2837	17.063	5.4061	8.4691	238.81	0.72591	0.018774	0.022058	vapor
200.00	38.500	0.097797	10.225	1.9209	2.2831	17.053	5.4074	8.4765	238.79	0.72560	0.018790	0.022077	vapor
200.00	38.667	0.098262	10.177	1.9204	2.2825	17.042	5.4088	8.4839	238.76	0.72529	0.018805	0.022097	vapor
200.00	38.833	0.098727	10.129	1.9200	2.2820	17.031	5.4101	8.4913	238.74	0.72498	0.018821	0.022116	vapor
200.00	39.000	0.099192	10.081	1.9196	2.2814	17.021	5.4115	8.4987	238.72	0.72467	0.018836	0.022136	vapor
200.00	39.167	0.099657	10.034	1.9192	2.2808	17.010	5.4128	8.5061	238.70	0.72436	0.018852	0.022155	vapor
200.00	39.333	0.10012	9.9877	1.9188	2.2803	17.000	5.4142	8.5136	238.68	0.72405	0.018867	0.022175	vapor
200.00	39.500	0.10059	9.9414	1.9183	2.2797	16.989	5.4155	8.5210	238.66	0.72373	0.018883	0.022194	vapor
200.00	39.667	0.10106	9.8955	1.9179	2.2791	16.979	5.4169	8.5285	238.64	0.72342	0.018898	0.022214	vapor
200.00	39.833	0.10152	9.8499	1.9175	2.2785	16.968	5.4182	8.5359	238.62	0.72310	0.018914	0.022233	vapor
200.00	40.000	0.10199	9.8048	1.9171	2.2780	16.958	5.4196	8.5434	238.60	0.72278	0.018930	0.022253	vapor
200.00	40.167	0.10246	9.7600	1.9167	2.2774	16.947	5.4209	8.5509	238.58	0.72246	0.018946	0.022272	vapor
200.00	40.333	0.10293	9.7156	1.9162	2.2768	16.937	5.4223	8.5584	238.56	0.72214	0.018961	0.022292	vapor
200.00	40.500	0.10340	9.6716	1.9158	2.2763	16.927	5.4236	8.5660	238.54	0.72182	0.018977	0.022311	vapor
200.00	40.667	0.10386	9.6279	1.9154	2.2757	16.917	5.4250	8.5735	238.52	0.72150	0.018993	0.022331	vapor
200.00	40.833	0.10433	9.5846	1.9150	2.2751	16.906	5.4263	8.5811	238.50	0.72117	0.019009	0.022350	vapor
200.00	41.000	0.10480	9.5417	1.9146	2.2745	16.896	5.4277	8.5886	238.48	0.72085	0.019025	0.022369	vapor
200.00	41.167	0.10527	9.4991	1.9141	2.2740	16.886	5.4290	8.5962	238.46	0.72052	0.019041	0.022389	vapor
200.00	41.333	0.10574	9.4568	1.9137	2.2734	16.876	5.4304	8.6038	238.44	0.72019	0.019057	0.022408	vapor
200.00	41.500	0.10621	9.4149	1.9133	2.2728	16.866	5.4317	8.6114	238.42	0.71987	0.019073	0.022428	vapor
200.00	41.667	0.10669	9.3733	1.9129	2.2722	16.856	5.4331	8.6190	238.40	0.71954	0.019089	0.022447	vapor
200.00	41.833	0.10716	9.3320	1.9124	2.2717	16.846	5.4344	8.6267	238.38	0.71921	0.019105	0.022466	vapor
200.00	42.000	0.10763	9.2911	1.9120	2.2711	16.836	5.4358	8.6343	238.36	0.71887	0.019121	0.022486	vapor
200.00	42.167	0.10810	9.2505	1.9116	2.2705	16.826	5.4371	8.6420	238.34	0.71854	0.019137	0.022505	vapor
200.00	42.333	0.10857	9.2103	1.9112	2.2699	16.816	5.4385	8.6497	238.32	0.71821	0.019153	0.022525	vapor
200.00	42.500	0.10905	9.1703	1.9107	2.2694	16.806	5.4398	8.6573	238.30	0.71787	0.019170	0.022544	vapor
200.00	42.667	0.10952	9.1307	1.9103	2.2688	16.796	5.4412	8.6650	238.29	0.71754	0.019186	0.022563	vapor
200.00	42.833	0.10999	9.0913	1.9099	2.2682	16.786	5.4425	8.6728	238.27	0.71720	0.019202	0.022583	vapor
200.00	43.000	0.11047	9.0523	1.9095	2.2676	16.776	5.4439	8.6805	238.25	0.71686	0.019219	0.022602	vapor
200.00	43.167	0.11094	9.0136	1.9090	2.2671	16.766	5.4452	8.6882	238.23	0.71653	0.019235	0.022621	vapor
200.00	43.333	0.11142	8.9752	1.9086	2.2665	16.757	5.4466	8.6960	238.21	0.71619	0.019251	0.022641	vapor
200.00	43.500	0.11189	8.9370	1.9082	2.2659	16.747	5.4479	8.7037	238.20	0.71585	0.019268	0.022660	vapor
200.00	43.667	0.11237	8.8992	1.9078	2.2653	16.737	5.4493	8.7115	238.18	0.71550	0.019284	0.022679	vapor
200.00	43.833	0.11285	8.8617	1.9073	2.2648	16.727	5.4507	8.7193	238.16	0.71516	0.019301	0.022699	vapor
200.00	44.000	0.11332	8.8244	1.9069	2.2642	16.718	5.4520	8.7271	238.15	0.71482	0.019317	0.022718	vapor
200.00	44.167	0.11380	8.7874	1.9065	2.2636	16.708	5.4534	8.7350	238.13	0.71447	0.019334	0.022737	vapor
200.00	44.333	0.11428	8.7507	1.9060	2.2630	16.698	5.4547	8.7428	238.11	0.71413	0.019350	0.022757	vapor
200.00	44.500	0.11475	8.7143	1.9056	2.2624	16.689	5.4561	8.7506	238.10	0.71378	0.019367	0.022776	vapor
200.00	44.667	0.11523	8.6782	1.9052	2.2619	16.679	5.4574	8.7585	238.08	0.71343	0.019384	0.022795	vapor
200.00	44.833	0.11571	8.6423	1.9048	2.2613	16.670	5.4588	8.7664	238.06	0.71309	0.019400	0.022815	vapor
200.00	45.000	0.11619	8.6067	1.9043	2.2607	16.660	5.4601	8.7743	238.05	0.71274	0.019417	0.022834	vapor
200.00	45.167	0.11667	8.5713	1.9039	2.2601	16.651	5.4615	8.7822	238.03	0.71239	0.019434	0.022853	vapor
200.00	45.333	0.11715	8.5363	1.9035	2.2596	16.641	5.4628	8.7901	238.01	0.71204	0.019450	0.022873	vapor
200.00	45.500	0.11763	8.5014	1.9030	2.2590	16.632	5.4642	8.7980	238.00	0.71168	0.019467	0.022892	vapor
200.00	45.667	0.11811	8.4669	1.9026	2.2584	16.622	5.4655	8.8060	237.98	0.71133	0.019484	0.022911	vapor
200.00	45.833	0.11859	8.4325	1.9022	2.2578	16.613	5.4669	8.8139	237.97	0.71098	0.019501	0.022930	vapor
200.00	46.000	0.11907	8.3985	1.9017	2.2572	16.604	5.4682	8.8219	237.95	0.71062	0.019518	0.022950	vapor
200.00	46.167	0.11955	8.3647	1.9013	2.2567	16.594	5.4696	8.8299	237.94	0.71027	0.019535	0.022969	vapor
200.00	46.333	0.12003	8.3311	1.9009	2.2561	16.585	5.4709	8.8379	237.92	0.70991	0.019552	0.022988	vapor
200.00	46.500	0.12051	8.2978	1.9004	2.2555	16.576	5.4723	8.8459	237.91	0.70955	0.019569	0.023007	vapor
200.00	46.667	0.12100	8.2647	1.9000	2.2549	16.567	5.4736	8.8539	237.89	0.70919	0.019586	0.023027	vapor
200.00	46.833	0.12148	8.2318	1.8996	2.2543	16.557	5.4750	8.8620	237.88	0.70884	0.019603	0.023046	vapor
200.00	47.000	0.12196	8.1992	1.8991	2.2537	16.548	5.4763	8.8700	237.86	0.70848	0.019620	0.023065	vapor
200.00	47.167	0.12245	8.1668	1.8987	2.2532	16.539	5.4777	8.8781	237.85	0.70811	0.019637	0.023084	vapor
200.00	47.333	0.12293	8.1347	1.8983	2.2526	16.530	5.4791	8.8862	237.83	0.70775	0.019654	0.023104	vapor
200.00	47.500	0.12342	8.1027	1.8978	2.2520	16.521	5.4804	8.8943	237.82	0.70739	0.019672	0.023123	vapor
200.00	47.667	0.12390	8.0710	1.8974	2.2514	16.512	5.4818	8.9024	237.80	0.70703	0.019689	0.023142	vapor
200.00	47.833	0.12438	8.0396	1.8970	2.2508	16.502	5.4831	8.9105	237.79	0.70666	0.019706	0.023161	vapor
200.00	48.000	0.12487	8.0083	1.8965	2.2503	16.493	5.4845	8.9186	237.78	0.70630	0.019723	0.023180	vapor
200.00	48.167	0.12536	7.9773	1.8961	2.2497	16.484	5.4858	8.9268	237.76	0.70593	0.019741	0.023200	vapor
200.00	48.333	0.12584	7.9464	1.8957	2.2491	16.475	5.4872	8.9350	237.75	0.70557	0.019758	0.023219	vapor
200.00	48.500	0.12633	7.9158	1.8952	2.2485	16.466	5.4885	8.9431	237.74	0.70520	0.019775	0.023238	vapor
200.00	48.667	0.12682	7.8854	1.8948	2.2479	16.457	5.4899	8.9513	237.72	0.70483	0.019793	0.023257	vapor
200.00	48.833	0.12730	7.8552	1.8944	2.2473	16.448	5.4912	8.9595	237.71	0.70446	0.019810	0.023276	vapor
200.00	49.000	0.12779	7.8252	1.8939	2.2467	16.439	5.4926	8.9678	237.70	0.70409	0.019828	0.023296	vapor
200.00	49.167	0.12828	7.7955	1.8935	2.2462	16.431	5.4939	8.9760	237.68	0.70372	0.019845	0.023315	vapor
200.00	49.333	0.12877	7.7659	1.8930	2.2456	16.422	5.4953	8.9842	237.67	0.70335	0.019863	0.023334	vapor
200.00	49.500	0.12926	7.7365	1.8926	2.2450	16.413	5.4966	8.9925	237.66	0.70298	0.019880	0.023353	vapor
200.00	49.667	0.12975	7.7073	1.8922	2.2444	16.404	5.4980	9.0008	237.65	0.70260	0.019898	0.023372	vapor
200.00	49.833	0.13024	7.6783	1.8917	2.2438	16.395	5.4993	9.0091	237.63	0.70223	0.019916	0.023391	vapor
200.00	50.000	0.13073	7.6496	1.8913	2.2432	16.386	5.5007	9.0174	237.62	0.70186	0.019933	0.023410	vapor
200.00	50.167	0.13122	7.6210	1.8908	2.2426	16.378	5.5020	9.0257	237.61	0.70148	0.019951	0.023430	vapor
200.00	50.333	0.13171	7.5926	1.8904	2.2421	16.369	5.5034	9.0340	237.60	0.70111	0.019969	0.023449	vapor
200.00	50.500	0.13220	7.5643	1.8900	2.2415	16.360	5.5047	9.0424	237.59	0.70073	0.019987	0.023468	vapor
200.00	50.667	0.13269	7.5363	1.8895	2.2409	16.351	5.5061	9.0507	237.57	0.70035	0.020004	0.023487	vapor
200.00	50.833	0.13318	7.5085	1.8891	2.2403	16.343	5.5074	9.0591	237.56	0.69997	0.020022	0.023506	vapor
200.00	51.000	0.13368	7.4808	1.8886	2.2397	16.334	5.5088	9.0675	237.55	0.69960	0.020040	0.023525	vapor
200.00	51.167	0.13417	7.4533	1.8882	2.2391	16.325	5.5101	9.0759	237.54	0.69922	0.020058	0.023544	vapor
200.00	51.167	0.13417	7.4533	1.8882	2.2391	16.325	5.5101	9.0759	237.54	0.69922	0.020058	0.023544	supercritical
200.00	51.167	0.13417	7.4533	1.8882	2.2391	16.325	5.5101	9.0759	237.54	0.69922	0.020058	0.023544	supercritical
200.00	51.333	0.13466	7.4260	1.8878	2.2385	16.317	5.5115	9.0843	237.53	0.69884	0.020076	0.023563	supercritical
200.00	51.500	0.13515	7.3989	1.8873	2.2380	16.308	5.5128	9.0927	237.52	0.69846	0.020094	0.023583	supercritical
200.00	51.667	0.13565	7.3720	1.8869	2.2374	16.299	5.5142	9.1012	237.51	0.69807	0.020112	0.023602	supercritical
200.00	51.833	0.13614	7.3452	1.8864	2.2368	16.291	5.5155	9.1096	237.50	0.69769	0.020130	0.023621	supercritical
200.00	52.000	0.13664	7.3186	1.8860	2.2362	16.282	5.5169	9.1181	237.49	0.69731	0.020148	0.023640	supercritical
200.00	52.167	0.13713	7.2922	1.8856	2.2356	16.274	5.5182	9.1266	237.48	0.69693	0.020166	0.023659	supercritical
200.00	52.333	0.13763	7.2660	1.8851	2.2350	16.265	5.5196	9.1351	237.47	0.69654	0.020184	0.023678	supercritical
200.00	52.500	0.13812	7.2399	1.8847	2.2344	16.257	5.5209	9.1436	237.46	0.69616	0.020202	0.023697	supercritical
200.00	52.667	0.13862	7.2140	1.8842	2.2338	16.248	5.5222	9.1521	237.45	0.69577	0.020220	0.023716	supercritical
200.00	52.833	0.13912	7.1882	1.8838	2.2332	16.240	5.5236	9.1607	237.44	0.69538	0.020238	0.023735	supercritical
200.00	53.000	0.13961	7.1626	1.8833	2.2326	16.231	5.5249	9.1692	237.43	0.69500	0.020257	0.023754	supercritical
200.00	53.167	0.14011	7.1372	1.8829	2.2321	16.223	5.5263	9.1778	237.42	0.69461	0.020275	0.023773	supercritical
200.00	53.333	0.14061	7.1119	1.8824	2.2315	16.214	5.5276	9.1864	237.41	0.69422	0.020293	0.023792	supercritical
200.00	53.500	0.14111	7.0868	1.8820	2.2309	16.206	5.5290	9.1950	237.40	0.69383	0.020311	0.023811	supercritical
200.00	53.667	0.14161	7.0619	1.8816	2.2303	16.198	5.5303	9.2036	237.39	0.69344	0.020330	0.023830	supercritical
200.00	53.833	0.14210	7.0371	1.8811	2.2297	16.189	5.5317	9.2122	237.38	0.69305	0.020348	0.023849	supercritical
200.00	54.000	0.14260	7.0124	1.8807	2.2291	16.181	5.5330	9.2209	237.37	0.69266	0.020367	0.023868	supercritical
200.00	54.167	0.14310	6.9880	1.8802	2.2285	16.173	5.5343	9.2295	237.36	0.69227	0.020385	0.023887	supercritical
200.00	54.333	0.14360	6.9636	1.8798	2.2279	16.164	5.5357	9.2382	237.35	0.69188	0.020403	0.023906	supercritical
200.00	54.500	0.14410	6.9394	1.8793	2.2273	16.156	5.5370	9.2469	237.35	0.69149	0.020422	0.023926	supercritical
200.00	54.667	0.14460	6.9154	1.8789	2.2267	16.148	5.5384	9.2556	237.34	0.69109	0.020440	0.023945	supercritical
200.00	54.833	0.14511	6.8915	1.8784	2.2261	16.139	5.5397	9.2643	237.33	0.69070	0.020459	0.023964	supercritical
200.00	55.000	0.14561	6.8678	1.8780	2.2256	16.131	5.5411	9.2730	237.32	0.69030	0.020478	0.023983	supercritical
200.00	55.167	0.14611	6.8442	1.8775	2.2250	16.123	5.5424	9.2818	237.31	0.68991	0.020496	0.024002	supercritical
200.00	55.333	0.14661	6.8207	1.8771	2.2244	16.115	5.5437	9.2905	237.31	0.68951	0.020515	0.024021	supercritical
200.00	55.500	0.14711	6.7974	1.8766	2.2238	16.107	5.5451	9.2993	237.30	0.68912	0.020533	0.024040	supercritical
200.00	55.667	0.14762	6.7742	1.8762	2.2232	16.098	5.5464	9.3081	237.29	0.68872	0.020552	0.024059	supercritical
200.00	55.833	0.14812	6.7512	1.8757	2.2226	16.090	5.5478	9.3169	237.28	0.68832	0.020571	0.024078	supercritical
200.00	56.000	0.14863	6.7283	1.8753	2.2220	16.082	5.5491	9.3257	237.28	0.68793	0.020590	0.024096	supercritical
200.00	56.167	0.14913	6.7056	1.8748	2.2214	16.074	5.5504	9.3345	237.27	0.68753	0.020608	0.024115	supercritical
200.00	56.333	0.14963	6.6830	1.8744	2.2208	16.066	5.5518	9.3433	237.26	0.68713	0.020293	0.023728	supercritical
200.00	56.500	0.15014	6.6605	1.8739	2.2202	16.058	5.5531	9.3522	237.25	0.68673	0.020314	0.023751	supercritical
200.00	56.667	0.15064	6.6381	1.8735	2.2196	16.050	5.5544	9.3611	237.25	0.68633	0.020335	0.023773	supercritical
200.00	56.833	0.15115	6.6159	1.8730	2.2190	16.042	5.5558	9.3700	237.24	0.68593	0.020356	0.023796	supercritical
200.00	57.000	0.15166	6.5938	1.8726	2.2184	16.034	5.5571	9.3789	237.23	0.68553	0.020377	0.023818	supercritical
200.00	57.167	0.15216	6.5719	1.8721	2.2178	16.026	5.5584	9.3878	237.23	0.68512	0.020398	0.023841	supercritical
200.00	57.333	0.15267	6.5501	1.8717	2.2172	16.018	5.5598	9.3967	237.22	0.68472	0.020419	0.023863	supercritical
200.00	57.500	0.15318	6.5284	1.8712	2.2166	16.010	5.5611	9.4056	237.22	0.68432	0.020440	0.023885	supercritical
200.00	57.667	0.15369	6.5068	1.8708	2.2160	16.002	5.5624	9.4146	237.21	0.68391	0.020461	0.023907	supercritical
200.00	57.833	0.15419	6.4853	1.8703	2.2154	15.994	5.5638	9.4236	237.20	0.68351	0.020482	0.023930	supercritical
200.00	58.000	0.15470	6.4640	1.8699	2.2148	15.986	5.5651	9.4325	237.20	0.68311	0.020503	0.023952	supercritical
200.00	58.167	0.15521	6.4428	1.8694	2.2143	15.978	5.5664	9.4415	237.19	0.68270	0.020524	0.023974	supercritical
200.00	58.333	0.15572	6.4218	1.8690	2.2137	15.970	5.5678	9.4506	237.19	0.68229	0.020545	0.023996	supercritical
200.00	58.500	0.15623	6.4008	1.8685	2.2131	15.962	5.5691	9.4596	237.18	0.68189	0.020566	0.024018	supercritical
200.00	58.667	0.15674	6.3800	1.8680	2.2125	15.954	5.5704	9.4686	237.18	0.68148	0.020587	0.024040	supercritical
200.00	58.833	0.15725	6.3593	1.8676	2.2119	15.946	5.5718	9.4777	237.17	0.68107	0.020608	0.024062	supercritical
200.00	59.000	0.15776	6.3387	1.8671	2.2113	15.938	5.5731	9.4867	237.17	0.68067	0.020630	0.024084	supercritical
200.00	59.167	0.15827	6.3182	1.8667	2.2107	15.931	5.5744	9.4958	237.16	0.68026	0.020651	0.024106	supercritical
200.00	59.333	0.15878	6.2978	1.8662	2.2101	15.923	5.5758	9.5049	237.16	0.67985	0.020672	0.024128	supercritical
200.00	59.500	0.15930	6.2776	1.8658	2.2095	15.915	5.5771	9.5140	237.15	0.67944	0.020693	0.024150	supercritical
200.00	59.667	0.15981	6.2575	1.8653	2.2089	15.907	5.5784	9.5232	237.15	0.67903	0.020715	0.024171	supercritical
200.00	59.833	0.16032	6.2374	1.8649	2.2083	15.899	5.5797	9.5323	237.14	0.67862	0.020736	0.024193	supercritical
200.00	60.000	0.16084	6.2175	1.8644	2.2077	15.892	5.5811	9.5415	237.14	0.67821	0.020757	0.024215	supercritical
200.00	60.167	0.16135	6.1978	1.8639	2.2071	15.884	5.5824	9.5506	237.14	0.67780	0.020778	0.024237	supercritical
200.00	60.333	0.16186	6.1781	1.8635	2.2065	15.876	5.5837	9.5598	237.13	0.67738	0.020800	0.024258	supercritical
200.00	60.500	0.16238	6.1585	1.8630	2.2059	15.868	5.5850	9.5690	237.13	0.67697	0.020821	0.024280	supercritical
200.00	60.667	0.16289	6.1390	1.8626	2.2053	15.861	5.5864	9.5782	237.12	0.67656	0.020842	0.024302	supercritical
200.00	60.833	0.16341	6.1197	1.8621	2.2047	15.853	5.5877	9.5875	237.12	0.67615	0.020864	0.024323	supercritical
200.00	61.000	0.16392	6.1004	1.8617	2.2041	15.845	5.5890	9.5967	237.12	0.67573	0.020885	0.024345	supercritical
200.00	61.167	0.16444	6.0813	1.8612	2.2035	15.838	5.5903	9.6060	237.11	0.67532	0.020907	0.024366	supercritical
200.00	61.333	0.16495	6.0623	1.8607	2.2029	15.830	5.5916	9.6152	237.11	0.67490	0.020928	0.024388	supercritical
200.00	61.500	0.16547	6.0433	1.8603	2.2023	15.822	5.5930	9.6245	237.11	0.67449	0.020950	0.024409	supercritical
200.00	61.667	0.16599	6.0245	1.8598	2.2017	15.815	5.5943	9.6338	237.10	0.67407	0.020971	0.024431	supercritical
200.00	61.833	0.16651	6.0058	1.8594	2.2011	15.807	5.5956	9.6431	237.10	0.67365	0.020992	0.024452	supercritical
200.00	62.000	0.16702	5.9872	1.8589	2.2005	15.799	5.5969	9.6525	237.10	0.67324	0.021014	0.024473	supercritical
200.00	62.167	0.16754	5.9686	1.8584	2.1999	15.792	5.5982	9.6618	237.10	0.67282	0.021035	0.024495	supercritical
200.00	62.333	0.16806	5.9502	1.8580	2.1993	15.784	5.5995	9.6712	237.09	0.67240	0.021057	0.024516	supercritical
200.00	62.500	0.16858	5.9319	1.8575	2.1987	15.777	5.6009	9.6805	237.09	0.67198	0.021079	0.024537	supercritical
200.00	62.667	0.16910	5.9137	1.8571	2.1981	15.769	5.6022	9.6899	237.09	0.67157	0.021100	0.024559	supercritical
200.00	62.833	0.16962	5.8956	1.8566	2.1975	15.762	5.6035	9.6993	237.09	0.67115	0.021122	0.024580	supercritical
200.00	63.000	0.17014	5.8775	1.8561	2.1969	15.754	5.6048	9.7087	237.09	0.67073	0.021143	0.024601	supercritical
200.00	63.167	0.17066	5.8596	1.8557	2.1963	15.746	5.6061	9.7182	237.08	0.67031	0.021165	0.024622	supercritical
200.00	63.333	0.17118	5.8418	1.8552	2.1956	15.739	5.6074	9.7276	237.08	0.66989	0.021187	0.024643	supercritical
200.00	63.500	0.17170	5.8240	1.8547	2.1950	15.731	5.6087	9.7371	237.08	0.66946	0.021208	0.024664	supercritical
200.00	63.667	0.17222	5.8064	1.8543	2.1944	15.724	5.6100	9.7465	237.08	0.66904	0.021230	0.024685	supercritical
200.00	63.833	0.17275	5.7888	1.8538	2.1938	15.717	5.6113	9.7560	237.08	0.66862	0.021251	0.024707	supercritical
200.00	64.000	0.17327	5.7714	1.8533	2.1932	15.709	5.6126	9.7655	237.08	0.66820	0.021273	0.024728	supercritical
200.00	64.167	0.17379	5.7540	1.8529	2.1926	15.702	5.6140	9.7750	237.08	0.66777	0.021295	0.024749	supercritical
200.00	64.333	0.17432	5.7367	1.8524	2.1920	15.694	5.6153	9.7846	237.08	0.66735	0.021317	0.024770	supercritical
200.00	64.500	0.17484	5.7195	1.8520	2.1914	15.687	5.6166	9.7941	237.08	0.66693	0.021338	0.024790	supercritical
200.00	64.667	0.17536	5.7024	1.8515	2.1908	15.679	5.6179	9.8037	237.07	0.66650	0.021360	0.024811	supercritical
200.00	64.833	0.17589	5.6854	1.8510	2.1902	15.672	5.6192	9.8133	237.07	0.66608	0.021382	0.024832	supercritical
200.00	65.000	0.17641	5.6685	1.8506	2.1896	15.665	5.6205	9.8228	237.07	0.66565	0.021404	0.024853	supercritical
200.00	65.167	0.17694	5.6517	1.8501	2.1890	15.657	5.6218	9.8324	237.07	0.66523	0.021425	0.024874	supercritical
200.00	65.333	0.17746	5.6350	1.8496	2.1884	15.650	5.6231	9.8421	237.07	0.66480	0.021447	0.024895	supercritical
200.00	65.500	0.17799	5.6183	1.8492	2.1878	15.643	5.6244	9.8517	237.07	0.66437	0.021469	0.024916	supercritical
200.00	65.667	0.17852	5.6017	1.8487	2.1872	15.635	5.6257	9.8613	237.07	0.66395	0.021491	0.024936	supercritical
200.00	65.833	0.17904	5.5852	1.8482	2.1866	15.628	5.6270	9.8710	237.07	0.66352	0.021513	0.024957	supercritical
200.00	66.000	0.17957	5.5688	1.8478	2.1860	15.621	5.6283	9.8807	237.07	0.66309	0.021535	0.024978	supercritical
200.00	66.167	0.18010	5.5525	1.8473	2.1854	15.613	5.6296	9.8904	237.08	0.66266	0.021557	0.024999	supercritical
200.00	66.333	0.18063	5.5363	1.8468	2.1848	15.606	5.6309	9.9001	237.08	0.66223	0.021578	0.025019	supercritical
200.00	66.500	0.18115	5.5201	1.8464	2.1841	15.599	5.6321	9.9098	237.08	0.66180	0.021600	0.025040	supercritical
200.00	66.667	0.18168	5.5041	1.8459	2.1835	15.591	5.6334	9.9195	237.08	0.66137	0.021622	0.025060	supercritical
200.00	66.833	0.18221	5.4881	1.8454	2.1829	15.584	5.6347	9.9292	237.08	0.66094	0.021644	0.025081	supercritical
200.00	67.000	0.18274	5.4722	1.8450	2.1823	15.577	5.6360	9.9390	237.08	0.66051	0.021666	0.025102	supercritical
200.00	67.167	0.18327	5.4564	1.8445	2.1817	15.570	5.6373	9.9488	237.08	0.66008	0.021688	0.025122	supercritical
200.00	67.333	0.18380	5.4406	1.8440	2.1811	15.563	5.6386	9.9586	237.08	0.65965	0.021710	0.025143	supercritical
200.00	67.500	0.18433	5.4249	1.8435	2.1805	15.555	5.6399	9.9684	237.08	0.65921	0.021732	0.025163	supercritical
200.00	67.667	0.18487	5.4094	1.8431	2.1799	15.548	5.6412	9.9782	237.09	0.65878	0.021754	0.025184	supercritical
200.00	67.833	0.18540	5.3938	1.8426	2.1793	15.541	5.6425	9.9880	237.09	0.65835	0.021776	0.025204	supercritical
200.00	68.000	0.18593	5.3784	1.8421	2.1787	15.534	5.6437	9.9979	237.09	0.65791	0.021798	0.025225	supercritical
200.00	68.167	0.18646	5.3630	1.8417	2.1781	15.527	5.6450	10.008	237.09	0.65748	0.021820	0.025245	supercritical
200.00	68.333	0.18699	5.3478	1.8412	2.1775	15.519	5.6463	10.018	237.09	0.65705	0.021842	0.025265	supercritical
200.00	68.500	0.18753	5.3326	1.8407	2.1768	15.512	5.6476	10.027	237.10	0.65661	0.021864	0.025286	supercritical
200.00	68.667	0.18806	5.3174	1.8403	2.1762	15.505	5.6489	10.037	237.10	0.65617	0.021887	0.025306	supercritical
200.00	68.833	0.18859	5.3024	1.8398	2.1756	15.498	5.6501	10.047	237.10	0.65574	0.021909	0.025327	supercritical
200.00	69.000	0.18913	5.2874	1.8393	2.1750	15.491	5.6514	10.057	237.10	0.65530	0.021931	0.025347	supercritical
200.00	69.167	0.18966	5.2725	1.8388	2.1744	15.484	5.6527	10.067	237.11	0.65487	0.021953	0.025367	supercritical
200.00	69.333	0.19020	5.2577	1.8384	2.1738	15.477	5.6540	10.077	237.11	0.65443	0.021975	0.025387	supercritical
200.00	69.500	0.19073	5.2429	1.8379	2.1732	15.470	5.6552	10.087	237.11	0.65399	0.021997	0.025408	supercritical
200.00	69.667	0.19127	5.2282	1.8374	2.1726	15.463	5.6565	10.097	237.12	0.65355	0.022019	0.025428	supercritical
200.00	69.833	0.19181	5.2136	1.8369	2.1720	15.456	5.6578	10.107	237.12	0.65311	0.022042	0.025448	supercritical
200.00	70.000	0.19234	5.1990	1.8365	2.1714	15.448	5.6591	10.117	237.12	0.65267	0.022064	0.025468	supercritical
200.00	70.167	0.19288	5.1846	1.8360	2.1707	15.441	5.6603	10.127	237.13	0.65223	0.022086	0.025489	supercritical
200.00	70.333	0.19342	5.1701	1.8355	2.1701	15.434	5.6616	10.137	237.13	0.65179	0.022108	0.025509	supercritical
200.00	70.500	0.19396	5.1558	1.8350	2.1695	15.427	5.6629	10.147	237.13	0.65135	0.022131	0.025529	supercritical
200.00	70.667	0.19449	5.1415	1.8346	2.1689	15.420	5.6641	10.157	237.14	0.65091	0.022153	0.025549	supercritical
200.00	70.833	0.19503	5.1273	1.8341	2.1683	15.413	5.6654	10.167	237.14	0.65047	0.022175	0.025569	supercritical
200.00	71.000	0.19557	5.1132	1.8336	2.1677	15.406	5.6667	10.177	237.15	0.65003	0.022197	0.025589	supercritical
200.00	71.167	0.19611	5.0991	1.8331	2.1671	15.399	5.6679	10.188	237.15	0.64958	0.022220	0.025609	supercritical
200.00	71.333	0.19665	5.0851	1.8327	2.1665	15.392	5.6692	10.198	237.16	0.64914	0.022242	0.025629	supercritical
200.00	71.500	0.19719	5.0712	1.8322	2.1658	15.385	5.6704	10.208	237.16	0.64870	0.022264	0.025649	supercritical
200.00	71.667	0.19773	5.0573	1.8317	2.1652	15.379	5.6717	10.218	237.17	0.64825	0.022287	0.025669	supercritical
200.00	71.833	0.19827	5.0435	1.8312	2.1646	15.372	5.6730	10.228	237.17	0.64781	0.022309	0.025689	supercritical
200.00	72.000	0.19882	5.0298	1.8308	2.1640	15.365	5.6742	10.238	237.18	0.64736	0.022331	0.025709	supercritical
200.00	72.167	0.19936	5.0161	1.8303	2.1634	15.358	5.6755	10.248	237.18	0.64692	0.022354	0.025729	supercritical
200.00	72.333	0.19990	5.0025	1.8298	2.1628	15.351	5.6767	10.259	237.19	0.64647	0.022376	0.025749	supercritical
200.00	72.500	0.20044	4.9890	1.8293	2.1622	15.344	5.6780	10.269	237.19	0.64602	0.022399	0.025769	supercritical
200.00	72.667	0.20099	4.9755	1.8289	2.1615	15.337	5.6792	10.279	237.20	0.64558	0.022421	0.025789	supercritical
200.00	72.833	0.20153	4.9621	1.8284	2.1609	15.330	5.6805	10.289	237.20	0.64513	0.022443	0.025809	supercritical
200.00	73.000	0.20207	4.9487	1.8279	2.1603	15.323	5.6817	10.300	237.21	0.64468	0.022466	0.025829	supercritical
200.00	73.167	0.20262	4.9354	1.8274	2.1597	15.316	5.6830	10.310	237.22	0.64423	0.022488	0.025849	supercritical
200.00	73.333	0.20316	4.9222	1.8269	2.1591	15.310	5.6842	10.320	237.22	0.64378	0.022511	0.025869	supercritical
200.00	73.500	0.20371	4.9090	1.8265	2.1585	15.303	5.6855	10.330	237.23	0.64333	0.022533	0.025889	supercritical
200.00	73.667	0.20425	4.8959	1.8260	2.1579	15.296	5.6867	10.341	237.23	0.64288	0.022556	0.025908	supercritical
200.00	73.833	0.20480	4.8829	1.8255	2.1572	15.289	5.6879	10.351	237.24	0.64243	0.022578	0.025928	supercritical
200.00	74.000	0.20534	4.8699	1.8250	2.1566	15.282	5.6892	10.361	237.25	0.64198	0.022601	0.025948	supercritical
200.00	74.167	0.20589	4.8569	1.8245	2.1560	15.275	5.6904	10.372	237.25	0.64153	0.022623	0.025968	supercritical
200.00	74.333	0.20644	4.8441	1.8241	2.1554	15.269	5.6917	10.382	237.26	0.64108	0.022646	0.025988	supercritical
200.00	74.500	0.20699	4.8313	1.8236	2.1548	15.262	5.6929	10.393	237.27	0.64062	0.022669	0.026007	supercritical
200.00	74.667	0.20753	4.8185	1.8231	2.1542	15.255	5.6941	10.403	237.28	0.64017	0.022691	0.026027	supercritical
200.00	74.833	0.20808	4.8058	1.8226	2.1535	15.248	5.6954	10.413	237.28	0.63971	0.022714	0.026047	supercritical
200.00	75.000	0.20863	4.7932	1.8221	2.1529	15.242	5.6966	10.424	237.29	0.63926	0.022736	0.026067	supercritical
200.00	75.167	0.20918	4.7806	1.8216	2.1523	15.235	5.6978	10.434	237.30	0.63881	0.022759	0.026086	supercritical
200.00	75.333	0.20973	4.7681	1.8212	2.1517	15.228	5.6991	10.445	237.31	0.63835	0.022782	0.026106	supercritical
200.00	75.500	0.21028	4.7556	1.8207	2.1511	15.221	5.7003	10.455	237.31	0.63789	0.022804	0.026126	supercritical
200.00	75.667	0.21083	4.7432	1.8202	2.1505	15.215	5.7015	10.466	237.32	0.63744	0.022827	0.026146	supercritical
200.00	75.833	0.21138	4.7308	1.8197	2.1498	15.208	5.7027	10.476	237.33	0.63698	0.022850	0.026165	supercritical
200.00	76.000	0.21193	4.7186	1.8192	2.1492	15.201	5.7040	10.487	237.34	0.63652	0.022872	0.026185	supercritical
200.00	76.167	0.21248	4.7063	1.8188	2.1486	15.194	5.7052	10.497	237.35	0.63606	0.022895	0.026205	supercritical
200.00	76.333	0.21303	4.6941	1.8183	2.1480	15.188	5.7064	10.508	237.36	0.63560	0.022918	0.026224	supercritical
200.00	76.500	0.21358	4.6820	1.8178	2.1474	15.181	5.7076	10.518	237.36	0.63514	0.022941	0.026244	supercritical
200.00	76.667	0.21414	4.6699	1.8173	2.1467	15.174	5.7088	10.529	237.37	0.63468	0.022963	0.026264	supercritical
200.00	76.833	0.21469	4.6579	1.8168	2.1461	15.168	5.7101	10.539	237.38	0.63422	0.022986	0.026283	supercritical
200.00	77.000	0.21524	4.6459	1.8163	2.1455	15.161	5.7113	10.550	237.39	0.63376	0.023009	0.026303	supercritical
200.00	77.167	0.21580	4.6340	1.8158	2.1449	15.154	5.7125	10.560	237.40	0.63330	0.023032	0.026322	supercritical
200.00	77.333	0.21635	4.6221	1.8154	2.1443	15.148	5.7137	10.571	237.41	0.63284	0.023055	0.026342	supercritical
200.00	77.500	0.21691	4.6103	1.8149	2.1437	15.141	5.7149	10.582	237.42	0.63238	0.023077	0.026362	supercritical
200.00	77.667	0.21746	4.5985	1.8144	2.1430	15.134	5.7161	10.592	237.43	0.63191	0.023100	0.026381	supercritical
200.00	77.833	0.21802	4.5868	1.8139	2.1424	15.128	5.7173	10.603	237.44	0.63145	0.023123	0.026401	supercritical
200.00	78.000	0.21857	4.5752	1.8134	2.1418	15.121	5.7185	10.613	237.45	0.63098	0.023146	0.026420	supercritical
200.00	78.167	0.21913	4.5635	1.8129	2.1412	15.115	5.7197	10.624	237.46	0.63052	0.023169	0.026440	supercritical
200.00	78.333	0.21968	4.5520	1.8124	2.1406	15.108	5.7209	10.635	237.47	0.63005	0.023192	0.026459	supercritical
200.00	78.500	0.22024	4.5405	1.8120	2.1399	15.101	5.7221	10.645	237.48	0.62959	0.023215	0.026479	supercritical
200.00	78.667	0.22080	4.5290	1.8115	2.1393	15.095	5.7233	10.656	237.49	0.62912	0.023237	0.026498	supercritical
200.00	78.833	0.22136	4.5176	1.8110	2.1387	15.088	5.7245	10.667	237.50	0.62865	0.023260	0.026518	supercritical
200.00	79.000	0.22191	4.5062	1.8105	2.1381	15.082	5.7257	10.677	237.51	0.62818	0.023283	0.026537	supercritical
200.00	79.167	0.22247	4.4949	1.8100	2.1374	15.075	5.7269	10.688	237.53	0.62771	0.023306	0.026557	supercritical
200.00	79.333	0.22303	4.4837	1.8095	2.1368	15.069	5.7281	10.699	237.54	0.62725	0.023329	0.026576	supercritical
200.00	79.500	0.22359	4.4725	1.8090	2.1362	15.062	5.7293	10.710	237.55	0.62678	0.023352	0.026596	supercritical
200.00	79.667	0.22415	4.4613	1.8085	2.1356	15.056	5.7305	10.720	237.56	0.62630	0.023375	0.026615	supercritical
200.00	79.833	0.22471	4.4502	1.8080	2.1350	15.049	5.7317	10.731	237.57	0.62583	0.023398	0.026635	supercritical
200.00	80.000	0.22527	4.4391	1.8076	2.1343	15.042	5.7328	10.742	237.58	0.62536	0.023421	0.026654	supercritical
200.00	80.167	0.22583	4.4281	1.8071	2.1337	15.036	5.7340	10.753	237.60	0.62489	0.023444	0.026674	supercritical
200.00	80.333	0.22639	4.4171	1.8066	2.1331	15.029	5.7352	10.764	237.61	0.62442	0.023467	0.026693	supercritical
200.00	80.500	0.22695	4.4062	1.8061	2.1325	15.023	5.7364	10.774	237.62	0.62394	0.023491	0.026713	supercritical
200.00	80.667	0.22752	4.3953	1.8056	2.1318	15.016	5.7376	10.785	237.63	0.62347	0.023514	0.026732	supercritical
200.00	80.833	0.22808	4.3845	1.8051	2.1312	15.010	5.7387	10.796	237.65	0.62299	0.023537	0.026752	supercritical
200.00	81.000	0.22864	4.3737	1.8046	2.1306	15.004	5.7399	10.807	237.66	0.62252	0.023560	0.026771	supercritical
200.00	81.167	0.22920	4.3629	1.8041	2.1300	14.997	5.7411	10.818	237.67	0.62204	0.023583	0.026791	supercritical
200.00	81.333	0.22977	4.3522	1.8036	2.1294	14.991	5.7423	10.829	237.68	0.62156	0.023606	0.026810	supercritical
200.00	81.500	0.23033	4.3416	1.8031	2.1287	14.984	5.7434	10.840	237.70	0.62108	0.023629	0.026829	supercritical
200.00	81.667	0.23090	4.3310	1.8026	2.1281	14.978	5.7446	10.850	237.71	0.62061	0.023653	0.026849	supercritical
200.00	81.833	0.23146	4.3204	1.8022	2.1275	14.971	5.7458	10.861	237.72	0.62013	0.023676	0.026868	supercritical
200.00	82.000	0.23203	4.3099	1.8017	2.1269	14.965	5.7469	10.872	237.74	0.61965	0.023699	0.026888	supercritical
200.00	82.167	0.23259	4.2994	1.8012	2.1262	14.958	5.7481	10.883	237.75	0.61917	0.023722	0.026907	supercritical
200.00	82.333	0.23316	4.2890	1.8007	2.1256	14.952	5.7492	10.894	237.77	0.61869	0.023745	0.026926	supercritical
200.00	82.500	0.23372	4.2786	1.8002	2.1250	14.946	5.7504	10.905	237.78	0.61820	0.023769	0.026946	supercritical
200.00	82.667	0.23429	4.2682	1.7997	2.1244	14.939	5.7516	10.916	237.80	0.61772	0.023792	0.026965	supercritical
200.00	82.833	0.23486	4.2579	1.7992	2.1237	14.933	5.7527	10.927	237.81	0.61724	0.023815	0.026985	supercritical
200.00	83.000	0.23542	4.2476	1.7987	2.1231	14.926	5.7539	10.938	237.82	0.61675	0.023838	0.027004	supercritical
200.00	83.167	0.23599	4.2374	1.7982	2.1225	14.920	5.7550	10.949	237.84	0.61627	0.023862	0.027023	supercritical
200.00	83.333	0.23656	4.2273	1.7977	2.1219	14.914	5.7562	10.960	237.85	0.61578	0.023885	0.027043	supercritical
200.00	83.500	0.23713	4.2171	1.7972	2.1212	14.907	5.7573	10.971	237.87	0.61530	0.023908	0.027062	supercritical
200.00	83.667	0.23770	4.2070	1.7967	2.1206	14.901	5.7585	10.982	237.89	0.61481	0.023932	0.027082	supercritical
200.00	83.833	0.23827	4.1970	1.7962	2.1200	14.895	5.7596	10.993	237.90	0.61432	0.023955	0.027101	supercritical
200.00	84.000	0.23884	4.1870	1.7957	2.1194	14.888	5.7607	11.004	237.92	0.61383	0.023979	0.027120	supercritical
200.00	84.167	0.23941	4.1770	1.7952	2.1187	14.882	5.7619	11.015	237.93	0.61335	0.024002	0.027140	supercritical
200.00	84.333	0.23998	4.1671	1.7947	2.1181	14.876	5.7630	11.026	237.95	0.61286	0.024025	0.027159	supercritical
200.00	84.500	0.24055	4.1572	1.7942	2.1175	14.869	5.7642	11.037	237.97	0.61237	0.024049	0.027178	supercritical
200.00	84.667	0.24112	4.1473	1.7938	2.1169	14.863	5.7653	11.048	237.98	0.61187	0.024072	0.027198	supercritical
200.00	84.833	0.24169	4.1375	1.7933	2.1162	14.857	5.7664	11.059	238.00	0.61138	0.024096	0.027217	supercritical
200.00	85.000	0.24226	4.1277	1.7928	2.1156	14.850	5.7676	11.070	238.02	0.61089	0.024119	0.027237	supercritical
200.00	85.167	0.24284	4.1180	1.7923	2.1150	14.844	5.7687	11.081	238.03	0.61040	0.024143	0.027256	supercritical
200.00	85.333	0.24341	4.1083	1.7918	2.1144	14.838	5.7698	11.093	238.05	0.60990	0.024166	0.027275	supercritical
200.00	85.500	0.24398	4.0987	1.7913	2.1137	14.832	5.7709	11.104	238.07	0.60941	0.024190	0.027295	supercritical
200.00	85.667	0.24455	4.0891	1.7908	2.1131	14.825	5.7721	11.115	238.08	0.60891	0.024213	0.027314	supercritical
200.00	85.833	0.24513	4.0795	1.7903	2.1125	14.819	5.7732	11.126	238.10	0.60842	0.024237	0.027333	supercritical
200.00	86.000	0.24570	4.0700	1.7898	2.1119	14.813	5.7743	11.137	238.12	0.60792	0.024261	0.027353	supercritical
200.00	86.167	0.24628	4.0605	1.7893	2.1112	14.806	5.7754	11.148	238.14	0.60742	0.024284	0.027372	supercritical
200.00	86.333	0.24685	4.0510	1.7888	2.1106	14.800	5.7765	11.159	238.16	0.60692	0.024308	0.027391	supercritical
200.00	86.500	0.24743	4.0416	1.7883	2.1100	14.794	5.7776	11.170	238.17	0.60642	0.024331	0.027411	supercritical
200.00	86.667	0.24800	4.0322	1.7878	2.1093	14.788	5.7787	11.182	238.19	0.60592	0.024355	0.027430	supercritical
200.00	86.833	0.24858	4.0229	1.7873	2.1087	14.782	5.7798	11.193	238.21	0.60542	0.024379	0.027450	supercritical
200.00	87.000	0.24916	4.0135	1.7868	2.1081	14.775	5.7810	11.204	238.23	0.60492	0.024402	0.027469	supercritical
200.00	87.167	0.24973	4.0043	1.7863	2.1075	14.769	5.7821	11.215	238.25	0.60442	0.024426	0.027488	supercritical
200.00	87.333	0.25031	3.9950	1.7858	2.1068	14.763	5.7832	11.226	238.27	0.60391	0.024450	0.027508	supercritical
200.00	87.500	0.25089	3.9858	1.7853	2.1062	14.757	5.7843	11.238	238.29	0.60341	0.024474	0.027527	supercritical
200.00	87.667	0.25147	3.9767	1.7848	2.1056	14.751	5.7854	11.249	238.31	0.60290	0.024497	0.027546	supercritical
200.00	87.833	0.25204	3.9676	1.7843	2.1050	14.744	5.7865	11.260	238.33	0.60240	0.024521	0.027566	supercritical
200.00	88.000	0.25262	3.9585	1.7838	2.1043	14.738	5.7875	11.271	238.35	0.60189	0.024545	0.027585	supercritical
200.00	88.167	0.25320	3.9494	1.7833	2.1037	14.732	5.7886	11.283	238.37	0.60138	0.024569	0.027604	supercritical
200.00	88.333	0.25378	3.9404	1.7828	2.1031	14.726	5.7897	11.294	238.39	0.60087	0.024592	0.027624	supercritical
200.00	88.500	0.25436	3.9314	1.7823	2.1024	14.720	5.7908	11.305	238.41	0.60036	0.024616	0.027643	supercritical
200.00	88.667	0.25494	3.9225	1.7818	2.1018	14.714	5.7919	11.316	238.43	0.59985	0.024640	0.027663	supercritical
200.00	88.833	0.25552	3.9136	1.7813	2.1012	14.707	5.7930	11.328	238.45	0.59934	0.024664	0.027682	supercritical
200.00	89.000	0.25610	3.9047	1.7808	2.1006	14.701	5.7941	11.339	238.47	0.59883	0.024688	0.027701	supercritical
200.00	89.167	0.25668	3.8958	1.7803	2.0999	14.695	5.7951	11.350	238.49	0.59832	0.024712	0.027721	supercritical
200.00	89.333	0.25727	3.8870	1.7798	2.0993	14.689	5.7962	11.361	238.52	0.59781	0.024736	0.027740	supercritical
200.00	89.500	0.25785	3.8782	1.7793	2.0987	14.683	5.7973	11.373	238.54	0.59729	0.024760	0.027759	supercritical
200.00	89.667	0.25843	3.8695	1.7788	2.0980	14.677	5.7984	11.384	238.56	0.59678	0.024784	0.027779	supercritical
200.00	89.833	0.25901	3.8608	1.7783	2.0974	14.671	5.7994	11.395	238.58	0.59626	0.024808	0.027798	supercritical
200.00	90.000	0.25960	3.8521	1.7778	2.0968	14.665	5.8005	11.406	238.60	0.59574	0.024832	0.027818	supercritical
200.00	90.167	0.26018	3.8435	1.7773	2.0961	14.658	5.8016	11.418	238.63	0.59523	0.024856	0.027837	supercritical
200.00	90.333	0.26076	3.8349	1.7768	2.0955	14.652	5.8026	11.429	238.65	0.59471	0.024880	0.027856	supercritical
200.00	90.500	0.26135	3.8263	1.7763	2.0949	14.646	5.8037	11.440	238.67	0.59419	0.024904	0.027876	supercritical
200.00	90.667	0.26193	3.8178	1.7757	2.0943	14.640	5.8048	11.452	238.70	0.59367	0.024928	0.027895	supercritical
200.00	90.833	0.26252	3.8093	1.7752	2.0936	14.634	5.8058	11.463	238.72	0.59315	0.024952	0.027915	supercritical
200.00	91.000	0.26310	3.8008	1.7747	2.0930	14.628	5.8069	11.474	238.74	0.59262	0.024976	0.027934	supercritical
200.00	91.167	0.26369	3.7924	1.7742	2.0924	14.622	5.8079	11.486	238.77	0.59210	0.025000	0.027953	supercritical
200.00	91.333	0.26427	3.7839	1.7737	2.0917	14.616	5.8090	11.497	238.79	0.59158	0.025024	0.027973	supercritical
200.00	91.500	0.26486	3.7756	1.7732	2.0911	14.610	5.8100	11.508	238.82	0.59105	0.025048	0.027992	supercritical
200.00	91.667	0.26545	3.7672	1.7727	2.0905	14.604	5.8111	11.520	238.84	0.59053	0.025073	0.028012	supercritical
200.00	91.833	0.26603	3.7589	1.7722	2.0899	14.598	5.8121	11.531	238.86	0.59000	0.025097	0.028031	supercritical
200.00	92.000	0.26662	3.7506	1.7717	2.0892	14.592	5.8131	11.542	238.89	0.58947	0.025121	0.028050	supercritical
200.00	92.167	0.26721	3.7424	1.7712	2.0886	14.586	5.8142	11.554	238.91	0.58894	0.025145	0.028070	supercritical
200.00	92.333	0.26780	3.7342	1.7707	2.0880	14.580	5.8152	11.565	238.94	0.58841	0.025169	0.028089	supercritical
200.00	92.500	0.26839	3.7260	1.7702	2.0873	14.574	5.8163	11.577	238.97	0.58788	0.025194	0.028109	supercritical
200.00	92.667	0.26898	3.7178	1.7697	2.0867	14.568	5.8173	11.588	238.99	0.58735	0.025218	0.028128	supercritical
200.00	92.833	0.26956	3.7097	1.7692	2.0861	14.562	5.8183	11.599	239.02	0.58682	0.025242	0.028148	supercritical
200.00	93.000	0.27015	3.7016	1.7687	2.0854	14.556	5.8194	11.611	239.04	0.58629	0.025267	0.028167	supercritical
200.00	93.167	0.27074	3.6935	1.7682	2.0848	14.550	5.8204	11.622	239.07	0.58575	0.025291	0.028187	supercritical
200.00	93.333	0.27133	3.6855	1.7677	2.0842	14.544	5.8214	11.633	239.10	0.58522	0.025315	0.028206	supercritical
200.00	93.500	0.27192	3.6775	1.7672	2.0836	14.538	5.8224	11.645	239.12	0.58468	0.025340	0.028225	supercritical
200.00	93.667	0.27251	3.6695	1.7666	2.0829	14.532	5.8234	11.656	239.15	0.58415	0.025364	0.028245	supercritical
200.00	93.833	0.27311	3.6616	1.7661	2.0823	14.526	5.8245	11.668	239.18	0.58361	0.025388	0.028264	supercritical
200.00	94.000	0.27370	3.6537	1.7656	2.0817	14.520	5.8255	11.679	239.20	0.58307	0.025413	0.028284	supercritical
200.00	94.167	0.27429	3.6458	1.7651	2.0810	14.514	5.8265	11.690	239.23	0.58253	0.025437	0.028303	supercritical
200.00	94.333	0.27488	3.6379	1.7646	2.0804	14.508	5.8275	11.702	239.26	0.58199	0.025462	0.028323	supercritical
200.00	94.500	0.27547	3.6301	1.7641	2.0798	14.502	5.8285	11.713	239.29	0.58145	0.025486	0.028342	supercritical
200.00	94.667	0.27607	3.6223	1.7636	2.0791	14.496	5.8295	11.725	239.32	0.58091	0.025511	0.028362	supercritical
200.00	94.833	0.27666	3.6145	1.7631	2.0785	14.490	5.8305	11.736	239.35	0.58036	0.025535	0.028381	supercritical
200.00	95.000	0.27725	3.6068	1.7626	2.0779	14.484	5.8315	11.747	239.37	0.57982	0.025560	0.028401	supercritical
200.00	95.167	0.27785	3.5991	1.7621	2.0772	14.478	5.8325	11.759	239.40	0.57927	0.025585	0.028420	supercritical
200.00	95.333	0.27844	3.5914	1.7616	2.0766	14.472	5.8335	11.770	239.43	0.57873	0.025609	0.028440	supercritical
200.00	95.500	0.27904	3.5838	1.7611	2.0760	14.467	5.8345	11.781	239.46	0.57818	0.025634	0.028459	supercritical
200.00	95.667	0.27963	3.5761	1.7605	2.0754	14.461	5.8355	11.793	239.49	0.57763	0.025658	0.028479	supercritical
200.00	95.833	0.28023	3.5685	1.7600	2.0747	14.455	5.8365	11.804	239.52	0.57708	0.025683	0.028498	supercritical
200.00	96.000	0.28082	3.5610	1.7595	2.0741	14.449	5.8375	11.816	239.55	0.57653	0.025708	0.028518	supercritical
200.00	96.167	0.28142	3.5534	1.7590	2.0735	14.443	5.8384	11.827	239.58	0.57598	0.025732	0.028538	supercritical
200.00	96.333	0.28201	3.5459	1.7585	2.0728	14.437	5.8394	11.838	239.61	0.57543	0.025757	0.028557	supercritical
200.00	96.500	0.28261	3.5384	1.7580	2.0722	14.431	5.8404	11.850	239.64	0.57488	0.025782	0.028577	supercritical
200.00	96.667	0.28321	3.5310	1.7575	2.0716	14.425	5.8414	11.861	239.68	0.57432	0.025807	0.028596	supercritical
200.00	96.833	0.28380	3.5236	1.7570	2.0709	14.419	5.8423	11.873	239.71	0.57377	0.025831	0.028616	supercritical
200.00	97.000	0.28440	3.5162	1.7565	2.0703	14.414	5.8433	11.884	239.74	0.57321	0.025856	0.028635	supercritical
200.00	97.167	0.28500	3.5088	1.7560	2.0697	14.408	5.8443	11.895	239.77	0.57265	0.025881	0.028655	supercritical
200.00	97.333	0.28560	3.5014	1.7554	2.0690	14.402	5.8452	11.907	239.80	0.57210	0.025906	0.028674	supercritical
200.00	97.500	0.28620	3.4941	1.7549	2.0684	14.396	5.8462	11.918	239.84	0.57154	0.025931	0.028694	supercritical
200.00	97.667	0.28679	3.4868	1.7544	2.0678	14.390	5.8472	11.930	239.87	0.57098	0.025956	0.028714	supercritical
200.00	97.833	0.28739	3.4795	1.7539	2.0672	14.384	5.8481	11.941	239.90	0.57042	0.025981	0.028733	supercritical
200.00	98.000	0.28799	3.4723	1.7534	2.0665	14.379	5.8491	11.952	239.93	0.56985	0.026006	0.028753	supercritical
200.00	98.167	0.28859	3.4651	1.7529	2.0659	14.373	5.8500	11.964	239.97	0.56929	0.026031	0.028772	supercritical
200.00	98.333	0.28919	3.4579	1.7524	2.0653	14.367	5.8510	11.975	240.00	0.56873	0.026055	0.028792	supercritical
200.00	98.500	0.28979	3.4507	1.7519	2.0646	14.361	5.8519	11.986	240.04	0.56816	0.026080	0.028812	supercritical
200.00	98.667	0.29039	3.4436	1.7514	2.0640	14.355	5.8529	11.998	240.07	0.56760	0.026105	0.028831	supercritical
200.00	98.833	0.29099	3.4365	1.7508	2.0634	14.350	5.8538	12.009	240.10	0.56703	0.026131	0.028851	supercritical
200.00	99.000	0.29159	3.4294	1.7503	2.0627	14.344	5.8548	12.021	240.14	0.56646	0.026156	0.028871	supercritical
200.00	99.167	0.29220	3.4224	1.7498	2.0621	14.338	5.8557	12.032	240.17	0.56589	0.026181	0.028890	supercritical
200.00	99.333	0.29280	3.4153	1.7493	2.0615	14.332	5.8567	12.043	240.21	0.56532	0.026206	0.028910	supercritical
200.00	99.500	0.29340	3.4083	1.7488	2.0608	14.327	5.8576	12.055	240.24	0.56475	0.026231	0.028930	supercritical
200.00	99.667	0.29400	3.4013	1.7483	2.0602	14.321	5.8585	12.066	240.28	0.56418	0.026256	0.028949	supercritical
200.00	99.833	0.29460	3.3944	1.7478	2.0596	14.315	5.8594	12.077	240.32	0.56361	0.026281	0.028969	supercritical
200.00	100.00	0.29521	3.3874	1.7473	2.0590	14.309	5.8604	12.089	240.35	0.56303	0.026306	0.028989	supercritical
