Temperature (K)	Pressure (atm)	Density (g/ml)	Volume (ml/g)	Internal Energy (kcal/mol)	Enthalpy (kcal/mol)	Entropy (cal/mol*K)	Cv (cal/mol*K)	Cp (cal/mol*K)	Sound Spd. (m/s)	Joule-Thomson (F/atm)	Viscosity (cP)	Therm. Cond. (W/m*K)	Phase
80.000	0.0000	0.0000	infinite	1.4084	1.5674	-2.3900e+06	4.9700	6.9572	156.54	undefined	0.0066405	0.0069763	vapor
80.000	0.16667	0.00097141	1029.4	1.4060	1.5639	21.881	5.0107	7.0604	155.97	5.4782	0.0066082	0.0069585	vapor
80.000	0.33333	0.0019566	511.09	1.4035	1.5603	20.472	5.0524	7.1671	155.38	5.4573	0.0065777	0.0069412	vapor
80.000	0.50000	0.0029560	338.29	1.4010	1.5566	19.635	5.0950	7.2776	154.79	5.4375	0.0065488	0.0069244	vapor
80.000	0.53953	0.0031953	312.96	1.4004	1.5557	19.476	5.1053	7.3044	154.65	5.4330	0.0065422	0.0069205	vapor
80.000	0.53953	1.5365	0.65083	-0.069252	-0.068929	-0.83216	7.5853	13.590	871.16	-0.051293	0.27388	0.14454	liquid
80.000	0.66667	1.5365	0.65082	-0.069279	-0.068880	-0.83249	7.5854	13.589	871.22	-0.051298	0.27392	0.14454	liquid
80.000	0.83333	1.5366	0.65080	-0.069314	-0.068815	-0.83294	7.5857	13.589	871.29	-0.051303	0.27397	0.14456	liquid
80.000	1.0000	1.5366	0.65079	-0.069350	-0.068751	-0.83338	7.5859	13.588	871.37	-0.051309	0.27402	0.14457	liquid
80.000	1.1667	1.5366	0.65077	-0.069385	-0.068686	-0.83382	7.5861	13.588	871.44	-0.051315	0.27407	0.14458	liquid
80.000	1.3333	1.5367	0.65075	-0.069420	-0.068622	-0.83426	7.5864	13.587	871.51	-0.051321	0.27412	0.14459	liquid
80.000	1.5000	1.5367	0.65073	-0.069455	-0.068557	-0.83470	7.5866	13.587	871.59	-0.051327	0.27417	0.14460	liquid
80.000	1.6667	1.5368	0.65072	-0.069491	-0.068493	-0.83514	7.5868	13.586	871.66	-0.051333	0.27422	0.14461	liquid
80.000	1.8333	1.5368	0.65070	-0.069526	-0.068428	-0.83558	7.5871	13.585	871.74	-0.051339	0.27427	0.14462	liquid
80.000	2.0000	1.5368	0.65068	-0.069561	-0.068363	-0.83602	7.5873	13.585	871.81	-0.051345	0.27432	0.14464	liquid
80.000	2.1667	1.5369	0.65067	-0.069596	-0.068299	-0.83646	7.5875	13.584	871.88	-0.051351	0.27437	0.14465	liquid
80.000	2.3333	1.5369	0.65065	-0.069631	-0.068234	-0.83690	7.5878	13.584	871.96	-0.051357	0.27442	0.14466	liquid
80.000	2.5000	1.5370	0.65063	-0.069666	-0.068170	-0.83734	7.5880	13.583	872.03	-0.051363	0.27447	0.14467	liquid
80.000	2.6667	1.5370	0.65062	-0.069702	-0.068105	-0.83778	7.5882	13.583	872.11	-0.051369	0.27451	0.14468	liquid
80.000	2.8333	1.5370	0.65060	-0.069737	-0.068040	-0.83822	7.5885	13.582	872.18	-0.051375	0.27456	0.14469	liquid
80.000	3.0000	1.5371	0.65058	-0.069772	-0.067976	-0.83866	7.5887	13.582	872.25	-0.051381	0.27461	0.14470	liquid
80.000	3.1667	1.5371	0.65057	-0.069807	-0.067911	-0.83910	7.5889	13.581	872.33	-0.051387	0.27466	0.14471	liquid
80.000	3.3333	1.5372	0.65055	-0.069842	-0.067847	-0.83954	7.5892	13.581	872.40	-0.051393	0.27471	0.14473	liquid
80.000	3.5000	1.5372	0.65053	-0.069877	-0.067782	-0.83998	7.5894	13.580	872.48	-0.051399	0.27476	0.14474	liquid
80.000	3.6667	1.5372	0.65052	-0.069912	-0.067717	-0.84041	7.5896	13.579	872.55	-0.051405	0.27481	0.14475	liquid
80.000	3.8333	1.5373	0.65050	-0.069947	-0.067653	-0.84085	7.5899	13.579	872.62	-0.051411	0.27486	0.14476	liquid
80.000	4.0000	1.5373	0.65048	-0.069982	-0.067588	-0.84129	7.5901	13.578	872.70	-0.051417	0.27491	0.14477	liquid
80.000	4.1667	1.5374	0.65047	-0.070017	-0.067523	-0.84173	7.5904	13.578	872.77	-0.051423	0.27496	0.14478	liquid
80.000	4.3333	1.5374	0.65045	-0.070052	-0.067459	-0.84217	7.5906	13.577	872.84	-0.051429	0.27501	0.14479	liquid
80.000	4.5000	1.5374	0.65043	-0.070087	-0.067394	-0.84261	7.5908	13.577	872.92	-0.051434	0.27506	0.14481	liquid
80.000	4.6667	1.5375	0.65042	-0.070122	-0.067329	-0.84305	7.5911	13.576	872.99	-0.051440	0.27511	0.14482	liquid
80.000	4.8333	1.5375	0.65040	-0.070157	-0.067265	-0.84349	7.5913	13.576	873.06	-0.051446	0.27516	0.14483	liquid
80.000	5.0000	1.5376	0.65038	-0.070192	-0.067200	-0.84392	7.5915	13.575	873.14	-0.051452	0.27521	0.14484	liquid
80.000	5.1667	1.5376	0.65037	-0.070227	-0.067135	-0.84436	7.5918	13.574	873.21	-0.051458	0.27526	0.14485	liquid
80.000	5.3333	1.5376	0.65035	-0.070262	-0.067071	-0.84480	7.5920	13.574	873.28	-0.051464	0.27531	0.14486	liquid
80.000	5.5000	1.5377	0.65033	-0.070297	-0.067006	-0.84524	7.5923	13.573	873.36	-0.051470	0.27536	0.14487	liquid
80.000	5.6667	1.5377	0.65031	-0.070332	-0.066941	-0.84568	7.5925	13.573	873.43	-0.051476	0.27541	0.14488	liquid
80.000	5.8333	1.5378	0.65030	-0.070367	-0.066877	-0.84612	7.5927	13.572	873.50	-0.051482	0.27546	0.14490	liquid
80.000	6.0000	1.5378	0.65028	-0.070402	-0.066812	-0.84655	7.5930	13.572	873.57	-0.051488	0.27551	0.14491	liquid
80.000	6.1667	1.5378	0.65026	-0.070437	-0.066747	-0.84699	7.5932	13.571	873.65	-0.051494	0.27555	0.14492	liquid
80.000	6.3333	1.5379	0.65025	-0.070472	-0.066683	-0.84743	7.5935	13.571	873.72	-0.051499	0.27560	0.14493	liquid
80.000	6.5000	1.5379	0.65023	-0.070507	-0.066618	-0.84787	7.5937	13.570	873.79	-0.051505	0.27565	0.14494	liquid
80.000	6.6667	1.5380	0.65021	-0.070542	-0.066553	-0.84830	7.5939	13.570	873.87	-0.051511	0.27570	0.14495	liquid
80.000	6.8333	1.5380	0.65020	-0.070577	-0.066488	-0.84874	7.5942	13.569	873.94	-0.051517	0.27575	0.14496	liquid
80.000	7.0000	1.5380	0.65018	-0.070612	-0.066424	-0.84918	7.5944	13.569	874.01	-0.051523	0.27580	0.14498	liquid
80.000	7.1667	1.5381	0.65016	-0.070647	-0.066359	-0.84962	7.5947	13.568	874.08	-0.051529	0.27585	0.14499	liquid
80.000	7.3333	1.5381	0.65015	-0.070681	-0.066294	-0.85005	7.5949	13.567	874.16	-0.051535	0.27590	0.14500	liquid
80.000	7.5000	1.5382	0.65013	-0.070716	-0.066229	-0.85049	7.5951	13.567	874.23	-0.051541	0.27595	0.14501	liquid
80.000	7.6667	1.5382	0.65011	-0.070751	-0.066165	-0.85093	7.5954	13.566	874.30	-0.051546	0.27600	0.14502	liquid
80.000	7.8333	1.5382	0.65010	-0.070786	-0.066100	-0.85136	7.5956	13.566	874.37	-0.051552	0.27605	0.14503	liquid
80.000	8.0000	1.5383	0.65008	-0.070821	-0.066035	-0.85180	7.5959	13.565	874.45	-0.051558	0.27610	0.14504	liquid
80.000	8.1667	1.5383	0.65006	-0.070856	-0.065970	-0.85224	7.5961	13.565	874.52	-0.051564	0.27615	0.14505	liquid
80.000	8.3333	1.5383	0.65005	-0.070890	-0.065906	-0.85267	7.5964	13.564	874.59	-0.051570	0.27620	0.14507	liquid
80.000	8.5000	1.5384	0.65003	-0.070925	-0.065841	-0.85311	7.5966	13.564	874.66	-0.051576	0.27625	0.14508	liquid
80.000	8.6667	1.5384	0.65001	-0.070960	-0.065776	-0.85355	7.5968	13.563	874.73	-0.051582	0.27630	0.14509	liquid
80.000	8.8333	1.5385	0.65000	-0.070995	-0.065711	-0.85398	7.5971	13.563	874.81	-0.051587	0.27635	0.14510	liquid
80.000	9.0000	1.5385	0.64998	-0.071029	-0.065647	-0.85442	7.5973	13.562	874.88	-0.051593	0.27640	0.14511	liquid
80.000	9.1667	1.5385	0.64996	-0.071064	-0.065582	-0.85486	7.5976	13.561	874.95	-0.051599	0.27645	0.14512	liquid
80.000	9.3333	1.5386	0.64995	-0.071099	-0.065517	-0.85529	7.5978	13.561	875.02	-0.051605	0.27650	0.14513	liquid
80.000	9.5000	1.5386	0.64993	-0.071134	-0.065452	-0.85573	7.5981	13.560	875.09	-0.051611	0.27655	0.14515	liquid
80.000	9.6667	1.5387	0.64991	-0.071168	-0.065387	-0.85616	7.5983	13.560	875.17	-0.051617	0.27660	0.14516	liquid
80.000	9.8333	1.5387	0.64990	-0.071203	-0.065323	-0.85660	7.5986	13.559	875.24	-0.051622	0.27665	0.14517	liquid
80.000	10.000	1.5387	0.64988	-0.071238	-0.065258	-0.85704	7.5988	13.559	875.31	-0.051628	0.27670	0.14518	liquid
80.000	10.167	1.5388	0.64986	-0.071273	-0.065193	-0.85747	7.5990	13.558	875.38	-0.051634	0.27675	0.14519	liquid
80.000	10.333	1.5388	0.64985	-0.071307	-0.065128	-0.85791	7.5993	13.558	875.45	-0.051640	0.27679	0.14520	liquid
80.000	10.500	1.5389	0.64983	-0.071342	-0.065063	-0.85834	7.5995	13.557	875.53	-0.051646	0.27684	0.14521	liquid
80.000	10.667	1.5389	0.64981	-0.071377	-0.064998	-0.85878	7.5998	13.557	875.60	-0.051651	0.27689	0.14522	liquid
80.000	10.833	1.5389	0.64980	-0.071411	-0.064934	-0.85921	7.6000	13.556	875.67	-0.051657	0.27694	0.14524	liquid
80.000	11.000	1.5390	0.64978	-0.071446	-0.064869	-0.85965	7.6003	13.556	875.74	-0.051663	0.27699	0.14525	liquid
80.000	11.167	1.5390	0.64977	-0.071480	-0.064804	-0.86008	7.6005	13.555	875.81	-0.051669	0.27704	0.14526	liquid
80.000	11.333	1.5391	0.64975	-0.071515	-0.064739	-0.86052	7.6008	13.555	875.88	-0.051675	0.27709	0.14527	liquid
80.000	11.500	1.5391	0.64973	-0.071550	-0.064674	-0.86095	7.6010	13.554	875.95	-0.051680	0.27714	0.14528	liquid
80.000	11.667	1.5391	0.64972	-0.071584	-0.064609	-0.86139	7.6013	13.553	876.03	-0.051686	0.27719	0.14529	liquid
80.000	11.833	1.5392	0.64970	-0.071619	-0.064545	-0.86182	7.6015	13.553	876.10	-0.051692	0.27724	0.14530	liquid
80.000	12.000	1.5392	0.64968	-0.071654	-0.064480	-0.86226	7.6018	13.552	876.17	-0.051698	0.27729	0.14531	liquid
80.000	12.167	1.5393	0.64967	-0.071688	-0.064415	-0.86269	7.6020	13.552	876.24	-0.051704	0.27734	0.14533	liquid
80.000	12.333	1.5393	0.64965	-0.071723	-0.064350	-0.86313	7.6023	13.551	876.31	-0.051709	0.27739	0.14534	liquid
80.000	12.500	1.5393	0.64963	-0.071757	-0.064285	-0.86356	7.6025	13.551	876.38	-0.051715	0.27744	0.14535	liquid
80.000	12.667	1.5394	0.64962	-0.071792	-0.064220	-0.86399	7.6028	13.550	876.45	-0.051721	0.27749	0.14536	liquid
80.000	12.833	1.5394	0.64960	-0.071826	-0.064155	-0.86443	7.6030	13.550	876.52	-0.051727	0.27754	0.14537	liquid
80.000	13.000	1.5394	0.64958	-0.071861	-0.064090	-0.86486	7.6033	13.549	876.60	-0.051732	0.27759	0.14538	liquid
80.000	13.167	1.5395	0.64957	-0.071895	-0.064025	-0.86530	7.6035	13.549	876.67	-0.051738	0.27764	0.14539	liquid
80.000	13.333	1.5395	0.64955	-0.071930	-0.063960	-0.86573	7.6038	13.548	876.74	-0.051744	0.27769	0.14541	liquid
80.000	13.500	1.5396	0.64953	-0.071964	-0.063896	-0.86616	7.6040	13.548	876.81	-0.051750	0.27774	0.14542	liquid
80.000	13.667	1.5396	0.64952	-0.071999	-0.063831	-0.86660	7.6043	13.547	876.88	-0.051756	0.27779	0.14543	liquid
80.000	13.833	1.5396	0.64950	-0.072033	-0.063766	-0.86703	7.6045	13.547	876.95	-0.051761	0.27784	0.14544	liquid
80.000	14.000	1.5397	0.64948	-0.072068	-0.063701	-0.86746	7.6048	13.546	877.02	-0.051767	0.27789	0.14545	liquid
80.000	14.167	1.5397	0.64947	-0.072102	-0.063636	-0.86790	7.6050	13.545	877.09	-0.051773	0.27794	0.14546	liquid
80.000	14.333	1.5398	0.64945	-0.072137	-0.063571	-0.86833	7.6053	13.545	877.16	-0.051779	0.27799	0.14547	liquid
80.000	14.500	1.5398	0.64943	-0.072171	-0.063506	-0.86876	7.6055	13.544	877.23	-0.051784	0.27804	0.14548	liquid
80.000	14.667	1.5398	0.64942	-0.072206	-0.063441	-0.86920	7.6058	13.544	877.30	-0.051790	0.27809	0.14550	liquid
80.000	14.833	1.5399	0.64940	-0.072240	-0.063376	-0.86963	7.6060	13.543	877.37	-0.051796	0.27814	0.14551	liquid
80.000	15.000	1.5399	0.64939	-0.072274	-0.063311	-0.87006	7.6063	13.543	877.44	-0.051801	0.27819	0.14552	liquid
80.000	15.167	1.5400	0.64937	-0.072309	-0.063246	-0.87050	7.6065	13.542	877.52	-0.051807	0.27824	0.14553	liquid
80.000	15.333	1.5400	0.64935	-0.072343	-0.063181	-0.87093	7.6068	13.542	877.59	-0.051813	0.27829	0.14554	liquid
80.000	15.500	1.5400	0.64934	-0.072378	-0.063116	-0.87136	7.6070	13.541	877.66	-0.051819	0.27834	0.14555	liquid
80.000	15.667	1.5401	0.64932	-0.072412	-0.063051	-0.87179	7.6073	13.541	877.73	-0.051824	0.27839	0.14556	liquid
80.000	15.833	1.5401	0.64930	-0.072446	-0.062986	-0.87223	7.6075	13.540	877.80	-0.051830	0.27844	0.14557	liquid
80.000	16.000	1.5402	0.64929	-0.072481	-0.062921	-0.87266	7.6078	13.540	877.87	-0.051836	0.27849	0.14559	liquid
80.000	16.167	1.5402	0.64927	-0.072515	-0.062856	-0.87309	7.6080	13.539	877.94	-0.051842	0.27854	0.14560	liquid
80.000	16.333	1.5402	0.64925	-0.072549	-0.062791	-0.87352	7.6083	13.539	878.01	-0.051847	0.27859	0.14561	liquid
80.000	16.500	1.5403	0.64924	-0.072584	-0.062726	-0.87396	7.6085	13.538	878.08	-0.051853	0.27863	0.14562	liquid
80.000	16.667	1.5403	0.64922	-0.072618	-0.062661	-0.87439	7.6088	13.538	878.15	-0.051859	0.27868	0.14563	liquid
80.000	16.833	1.5403	0.64920	-0.072652	-0.062596	-0.87482	7.6090	13.537	878.22	-0.051864	0.27873	0.14564	liquid
80.000	17.000	1.5404	0.64919	-0.072687	-0.062531	-0.87525	7.6093	13.537	878.29	-0.051870	0.27878	0.14565	liquid
80.000	17.167	1.5404	0.64917	-0.072721	-0.062466	-0.87568	7.6096	13.536	878.36	-0.051876	0.27883	0.14566	liquid
80.000	17.333	1.5405	0.64916	-0.072755	-0.062401	-0.87612	7.6098	13.535	878.43	-0.051881	0.27888	0.14568	liquid
80.000	17.500	1.5405	0.64914	-0.072789	-0.062336	-0.87655	7.6101	13.535	878.50	-0.051887	0.27893	0.14569	liquid
80.000	17.667	1.5405	0.64912	-0.072824	-0.062271	-0.87698	7.6103	13.534	878.57	-0.051893	0.27898	0.14570	liquid
80.000	17.833	1.5406	0.64911	-0.072858	-0.062206	-0.87741	7.6106	13.534	878.64	-0.051899	0.27903	0.14571	liquid
80.000	18.000	1.5406	0.64909	-0.072892	-0.062141	-0.87784	7.6108	13.533	878.71	-0.051904	0.27908	0.14572	liquid
80.000	18.167	1.5407	0.64907	-0.072926	-0.062076	-0.87827	7.6111	13.533	878.78	-0.051910	0.27913	0.14573	liquid
80.000	18.333	1.5407	0.64906	-0.072961	-0.062011	-0.87870	7.6113	13.532	878.85	-0.051916	0.27918	0.14574	liquid
80.000	18.500	1.5407	0.64904	-0.072995	-0.061946	-0.87914	7.6116	13.532	878.92	-0.051921	0.27923	0.14575	liquid
80.000	18.667	1.5408	0.64902	-0.073029	-0.061881	-0.87957	7.6118	13.531	878.99	-0.051927	0.27928	0.14577	liquid
80.000	18.833	1.5408	0.64901	-0.073063	-0.061816	-0.88000	7.6121	13.531	879.06	-0.051933	0.27933	0.14578	liquid
80.000	19.000	1.5409	0.64899	-0.073097	-0.061751	-0.88043	7.6124	13.530	879.13	-0.051938	0.27938	0.14579	liquid
80.000	19.167	1.5409	0.64897	-0.073132	-0.061686	-0.88086	7.6126	13.530	879.20	-0.051944	0.27943	0.14580	liquid
80.000	19.333	1.5409	0.64896	-0.073166	-0.061621	-0.88129	7.6129	13.529	879.26	-0.051950	0.27948	0.14581	liquid
80.000	19.500	1.5410	0.64894	-0.073200	-0.061556	-0.88172	7.6131	13.529	879.33	-0.051955	0.27953	0.14582	liquid
80.000	19.667	1.5410	0.64893	-0.073234	-0.061491	-0.88215	7.6134	13.528	879.40	-0.051961	0.27958	0.14583	liquid
80.000	19.833	1.5410	0.64891	-0.073268	-0.061425	-0.88258	7.6136	13.528	879.47	-0.051967	0.27963	0.14584	liquid
80.000	20.000	1.5411	0.64889	-0.073302	-0.061360	-0.88301	7.6139	13.527	879.54	-0.051972	0.27968	0.14586	liquid
80.000	20.167	1.5411	0.64888	-0.073336	-0.061295	-0.88344	7.6142	13.527	879.61	-0.051978	0.27973	0.14587	liquid
80.000	20.333	1.5412	0.64886	-0.073371	-0.061230	-0.88387	7.6144	13.526	879.68	-0.051983	0.27978	0.14588	liquid
80.000	20.500	1.5412	0.64884	-0.073405	-0.061165	-0.88430	7.6147	13.526	879.75	-0.051989	0.27983	0.14589	liquid
80.000	20.667	1.5412	0.64883	-0.073439	-0.061100	-0.88473	7.6149	13.525	879.82	-0.051995	0.27988	0.14590	liquid
80.000	20.833	1.5413	0.64881	-0.073473	-0.061035	-0.88516	7.6152	13.525	879.89	-0.052000	0.27993	0.14591	liquid
80.000	21.000	1.5413	0.64880	-0.073507	-0.060970	-0.88559	7.6154	13.524	879.96	-0.052006	0.27998	0.14592	liquid
80.000	21.167	1.5414	0.64878	-0.073541	-0.060905	-0.88602	7.6157	13.524	880.03	-0.052012	0.28003	0.14593	liquid
80.000	21.333	1.5414	0.64876	-0.073575	-0.060839	-0.88645	7.6160	13.523	880.10	-0.052017	0.28008	0.14594	liquid
80.000	21.500	1.5414	0.64875	-0.073609	-0.060774	-0.88688	7.6162	13.522	880.16	-0.052023	0.28013	0.14596	liquid
80.000	21.667	1.5415	0.64873	-0.073643	-0.060709	-0.88731	7.6165	13.522	880.23	-0.052028	0.28018	0.14597	liquid
80.000	21.833	1.5415	0.64871	-0.073677	-0.060644	-0.88774	7.6167	13.521	880.30	-0.052034	0.28023	0.14598	liquid
80.000	22.000	1.5416	0.64870	-0.073711	-0.060579	-0.88817	7.6170	13.521	880.37	-0.052040	0.28028	0.14599	liquid
80.000	22.167	1.5416	0.64868	-0.073745	-0.060514	-0.88860	7.6173	13.520	880.44	-0.052045	0.28033	0.14600	liquid
80.000	22.333	1.5416	0.64866	-0.073779	-0.060449	-0.88903	7.6175	13.520	880.51	-0.052051	0.28038	0.14601	liquid
80.000	22.500	1.5417	0.64865	-0.073813	-0.060383	-0.88946	7.6178	13.519	880.58	-0.052057	0.28043	0.14602	liquid
80.000	22.667	1.5417	0.64863	-0.073847	-0.060318	-0.88988	7.6180	13.519	880.65	-0.052062	0.28048	0.14603	liquid
80.000	22.833	1.5417	0.64862	-0.073881	-0.060253	-0.89031	7.6183	13.518	880.72	-0.052068	0.28053	0.14605	liquid
80.000	23.000	1.5418	0.64860	-0.073915	-0.060188	-0.89074	7.6186	13.518	880.78	-0.052073	0.28058	0.14606	liquid
80.000	23.167	1.5418	0.64858	-0.073949	-0.060123	-0.89117	7.6188	13.517	880.85	-0.052079	0.28063	0.14607	liquid
80.000	23.333	1.5419	0.64857	-0.073983	-0.060058	-0.89160	7.6191	13.517	880.92	-0.052085	0.28068	0.14608	liquid
80.000	23.500	1.5419	0.64855	-0.074017	-0.059992	-0.89203	7.6193	13.516	880.99	-0.052090	0.28073	0.14609	liquid
80.000	23.667	1.5419	0.64853	-0.074051	-0.059927	-0.89246	7.6196	13.516	881.06	-0.052096	0.28078	0.14610	liquid
80.000	23.833	1.5420	0.64852	-0.074085	-0.059862	-0.89288	7.6199	13.515	881.13	-0.052101	0.28083	0.14611	liquid
80.000	24.000	1.5420	0.64850	-0.074118	-0.059797	-0.89331	7.6201	13.515	881.19	-0.052107	0.28088	0.14612	liquid
80.000	24.167	1.5421	0.64849	-0.074152	-0.059732	-0.89374	7.6204	13.514	881.26	-0.052112	0.28093	0.14614	liquid
80.000	24.333	1.5421	0.64847	-0.074186	-0.059666	-0.89417	7.6206	13.514	881.33	-0.052118	0.28098	0.14615	liquid
80.000	24.500	1.5421	0.64845	-0.074220	-0.059601	-0.89460	7.6209	13.513	881.40	-0.052124	0.28103	0.14616	liquid
80.000	24.667	1.5422	0.64844	-0.074254	-0.059536	-0.89502	7.6212	13.513	881.47	-0.052129	0.28108	0.14617	liquid
80.000	24.833	1.5422	0.64842	-0.074288	-0.059471	-0.89545	7.6214	13.512	881.54	-0.052135	0.28113	0.14618	liquid
80.000	25.000	1.5422	0.64841	-0.074322	-0.059405	-0.89588	7.6217	13.512	881.60	-0.052140	0.28118	0.14619	liquid
80.000	25.167	1.5423	0.64839	-0.074355	-0.059340	-0.89631	7.6220	13.511	881.67	-0.052146	0.28123	0.14620	liquid
80.000	25.333	1.5423	0.64837	-0.074389	-0.059275	-0.89673	7.6222	13.511	881.74	-0.052151	0.28128	0.14621	liquid
80.000	25.500	1.5424	0.64836	-0.074423	-0.059210	-0.89716	7.6225	13.510	881.81	-0.052157	0.28133	0.14622	liquid
80.000	25.667	1.5424	0.64834	-0.074457	-0.059144	-0.89759	7.6227	13.510	881.88	-0.052162	0.28138	0.14624	liquid
80.000	25.833	1.5424	0.64832	-0.074491	-0.059079	-0.89802	7.6230	13.509	881.95	-0.052168	0.28143	0.14625	liquid
80.000	26.000	1.5425	0.64831	-0.074525	-0.059014	-0.89844	7.6233	13.509	882.01	-0.052174	0.28148	0.14626	liquid
80.000	26.167	1.5425	0.64829	-0.074558	-0.058949	-0.89887	7.6235	13.508	882.08	-0.052179	0.28153	0.14627	liquid
80.000	26.333	1.5426	0.64828	-0.074592	-0.058883	-0.89930	7.6238	13.508	882.15	-0.052185	0.28158	0.14628	liquid
80.000	26.500	1.5426	0.64826	-0.074626	-0.058818	-0.89972	7.6241	13.507	882.22	-0.052190	0.28163	0.14629	liquid
80.000	26.667	1.5426	0.64824	-0.074660	-0.058753	-0.90015	7.6243	13.507	882.29	-0.052196	0.28168	0.14630	liquid
80.000	26.833	1.5427	0.64823	-0.074693	-0.058688	-0.90058	7.6246	13.506	882.35	-0.052201	0.28173	0.14631	liquid
80.000	27.000	1.5427	0.64821	-0.074727	-0.058622	-0.90100	7.6248	13.506	882.42	-0.052207	0.28178	0.14633	liquid
80.000	27.167	1.5427	0.64820	-0.074761	-0.058557	-0.90143	7.6251	13.505	882.49	-0.052212	0.28183	0.14634	liquid
80.000	27.333	1.5428	0.64818	-0.074794	-0.058492	-0.90186	7.6254	13.505	882.56	-0.052218	0.28188	0.14635	liquid
80.000	27.500	1.5428	0.64816	-0.074828	-0.058426	-0.90228	7.6256	13.504	882.62	-0.052223	0.28193	0.14636	liquid
80.000	27.667	1.5429	0.64815	-0.074862	-0.058361	-0.90271	7.6259	13.504	882.69	-0.052229	0.28198	0.14637	liquid
80.000	27.833	1.5429	0.64813	-0.074896	-0.058296	-0.90314	7.6262	13.503	882.76	-0.052234	0.28203	0.14638	liquid
80.000	28.000	1.5429	0.64811	-0.074929	-0.058231	-0.90356	7.6264	13.503	882.83	-0.052240	0.28208	0.14639	liquid
80.000	28.167	1.5430	0.64810	-0.074963	-0.058165	-0.90399	7.6267	13.502	882.89	-0.052245	0.28213	0.14640	liquid
80.000	28.333	1.5430	0.64808	-0.074997	-0.058100	-0.90441	7.6270	13.502	882.96	-0.052251	0.28218	0.14641	liquid
80.000	28.500	1.5431	0.64807	-0.075030	-0.058035	-0.90484	7.6272	13.501	883.03	-0.052256	0.28223	0.14643	liquid
80.000	28.667	1.5431	0.64805	-0.075064	-0.057969	-0.90527	7.6275	13.501	883.10	-0.052262	0.28228	0.14644	liquid
80.000	28.833	1.5431	0.64803	-0.075097	-0.057904	-0.90569	7.6278	13.500	883.16	-0.052267	0.28233	0.14645	liquid
80.000	29.000	1.5432	0.64802	-0.075131	-0.057839	-0.90612	7.6280	13.500	883.23	-0.052273	0.28238	0.14646	liquid
80.000	29.167	1.5432	0.64800	-0.075165	-0.057773	-0.90654	7.6283	13.499	883.30	-0.052278	0.28243	0.14647	liquid
80.000	29.333	1.5432	0.64799	-0.075198	-0.057708	-0.90697	7.6285	13.499	883.37	-0.052284	0.28248	0.14648	liquid
80.000	29.500	1.5433	0.64797	-0.075232	-0.057643	-0.90739	7.6288	13.498	883.43	-0.052289	0.28253	0.14649	liquid
80.000	29.667	1.5433	0.64795	-0.075265	-0.057577	-0.90782	7.6291	13.498	883.50	-0.052295	0.28258	0.14650	liquid
80.000	29.833	1.5434	0.64794	-0.075299	-0.057512	-0.90824	7.6293	13.497	883.57	-0.052300	0.28263	0.14651	liquid
80.000	30.000	1.5434	0.64792	-0.075333	-0.057446	-0.90867	7.6296	13.497	883.64	-0.052306	0.28268	0.14653	liquid
80.000	30.167	1.5434	0.64791	-0.075366	-0.057381	-0.90909	7.6299	13.496	883.70	-0.052311	0.28273	0.14654	liquid
80.000	30.333	1.5435	0.64789	-0.075400	-0.057316	-0.90952	7.6301	13.496	883.77	-0.052317	0.28278	0.14655	liquid
80.000	30.500	1.5435	0.64787	-0.075433	-0.057250	-0.90994	7.6304	13.495	883.84	-0.052322	0.28283	0.14656	liquid
80.000	30.667	1.5435	0.64786	-0.075467	-0.057185	-0.91037	7.6307	13.495	883.90	-0.052328	0.28288	0.14657	liquid
80.000	30.833	1.5436	0.64784	-0.075500	-0.057120	-0.91079	7.6309	13.494	883.97	-0.052333	0.28293	0.14658	liquid
80.000	31.000	1.5436	0.64783	-0.075534	-0.057054	-0.91122	7.6312	13.494	884.04	-0.052339	0.28298	0.14659	liquid
80.000	31.167	1.5437	0.64781	-0.075567	-0.056989	-0.91164	7.6315	13.493	884.10	-0.052344	0.28303	0.14660	liquid
80.000	31.333	1.5437	0.64779	-0.075601	-0.056923	-0.91207	7.6317	13.493	884.17	-0.052350	0.28308	0.14662	liquid
80.000	31.500	1.5437	0.64778	-0.075634	-0.056858	-0.91249	7.6320	13.492	884.24	-0.052355	0.28313	0.14663	liquid
80.000	31.667	1.5438	0.64776	-0.075668	-0.056793	-0.91291	7.6323	13.492	884.31	-0.052361	0.28318	0.14664	liquid
80.000	31.833	1.5438	0.64775	-0.075701	-0.056727	-0.91334	7.6325	13.491	884.37	-0.052366	0.28323	0.14665	liquid
80.000	32.000	1.5439	0.64773	-0.075735	-0.056662	-0.91376	7.6328	13.491	884.44	-0.052371	0.28328	0.14666	liquid
80.000	32.167	1.5439	0.64771	-0.075768	-0.056596	-0.91419	7.6331	13.490	884.51	-0.052377	0.28333	0.14667	liquid
80.000	32.333	1.5439	0.64770	-0.075801	-0.056531	-0.91461	7.6333	13.490	884.57	-0.052382	0.28338	0.14668	liquid
80.000	32.500	1.5440	0.64768	-0.075835	-0.056465	-0.91503	7.6336	13.489	884.64	-0.052388	0.28344	0.14669	liquid
80.000	32.667	1.5440	0.64767	-0.075868	-0.056400	-0.91546	7.6339	13.489	884.71	-0.052393	0.28349	0.14670	liquid
80.000	32.833	1.5440	0.64765	-0.075902	-0.056335	-0.91588	7.6341	13.488	884.77	-0.052399	0.28354	0.14672	liquid
80.000	33.000	1.5441	0.64763	-0.075935	-0.056269	-0.91631	7.6344	13.488	884.84	-0.052404	0.28359	0.14673	liquid
80.000	33.167	1.5441	0.64762	-0.075969	-0.056204	-0.91673	7.6347	13.487	884.91	-0.052409	0.28364	0.14674	liquid
80.000	33.333	1.5442	0.64760	-0.076002	-0.056138	-0.91715	7.6350	13.487	884.97	-0.052415	0.28369	0.14675	liquid
80.000	33.500	1.5442	0.64759	-0.076035	-0.056073	-0.91758	7.6352	13.486	885.04	-0.052420	0.28374	0.14676	liquid
80.000	33.667	1.5442	0.64757	-0.076069	-0.056007	-0.91800	7.6355	13.486	885.11	-0.052426	0.28379	0.14677	liquid
80.000	33.833	1.5443	0.64755	-0.076102	-0.055942	-0.91842	7.6358	13.485	885.17	-0.052431	0.28384	0.14678	liquid
80.000	34.000	1.5443	0.64754	-0.076135	-0.055876	-0.91884	7.6360	13.485	885.24	-0.052437	0.28389	0.14679	liquid
80.000	34.167	1.5444	0.64752	-0.076169	-0.055811	-0.91927	7.6363	13.484	885.30	-0.052442	0.28394	0.14680	liquid
80.000	34.333	1.5444	0.64751	-0.076202	-0.055745	-0.91969	7.6366	13.484	885.37	-0.052447	0.28399	0.14682	liquid
80.000	34.500	1.5444	0.64749	-0.076235	-0.055680	-0.92011	7.6368	13.483	885.44	-0.052453	0.28404	0.14683	liquid
80.000	34.667	1.5445	0.64747	-0.076269	-0.055615	-0.92054	7.6371	13.483	885.50	-0.052458	0.28409	0.14684	liquid
80.000	34.833	1.5445	0.64746	-0.076302	-0.055549	-0.92096	7.6374	13.482	885.57	-0.052464	0.28414	0.14685	liquid
80.000	35.000	1.5445	0.64744	-0.076335	-0.055484	-0.92138	7.6376	13.482	885.64	-0.052469	0.28419	0.14686	liquid
80.000	35.167	1.5446	0.64743	-0.076368	-0.055418	-0.92180	7.6379	13.481	885.70	-0.052474	0.28424	0.14687	liquid
80.000	35.333	1.5446	0.64741	-0.076402	-0.055353	-0.92223	7.6382	13.481	885.77	-0.052480	0.28429	0.14688	liquid
80.000	35.500	1.5447	0.64739	-0.076435	-0.055287	-0.92265	7.6384	13.480	885.84	-0.052485	0.28434	0.14689	liquid
80.000	35.667	1.5447	0.64738	-0.076468	-0.055222	-0.92307	7.6387	13.480	885.90	-0.052491	0.28439	0.14690	liquid
80.000	35.833	1.5447	0.64736	-0.076501	-0.055156	-0.92349	7.6390	13.479	885.97	-0.052496	0.28444	0.14692	liquid
80.000	36.000	1.5448	0.64735	-0.076535	-0.055090	-0.92391	7.6393	13.479	886.03	-0.052501	0.28449	0.14693	liquid
80.000	36.167	1.5448	0.64733	-0.076568	-0.055025	-0.92434	7.6395	13.478	886.10	-0.052507	0.28454	0.14694	liquid
80.000	36.333	1.5448	0.64731	-0.076601	-0.054959	-0.92476	7.6398	13.478	886.17	-0.052512	0.28459	0.14695	liquid
80.000	36.500	1.5449	0.64730	-0.076634	-0.054894	-0.92518	7.6401	13.477	886.23	-0.052517	0.28464	0.14696	liquid
80.000	36.667	1.5449	0.64728	-0.076668	-0.054828	-0.92560	7.6403	13.477	886.30	-0.052523	0.28469	0.14697	liquid
80.000	36.833	1.5450	0.64727	-0.076701	-0.054763	-0.92602	7.6406	13.476	886.36	-0.052528	0.28474	0.14698	liquid
80.000	37.000	1.5450	0.64725	-0.076734	-0.054697	-0.92644	7.6409	13.476	886.43	-0.052534	0.28479	0.14699	liquid
80.000	37.167	1.5450	0.64723	-0.076767	-0.054632	-0.92687	7.6411	13.475	886.49	-0.052539	0.28484	0.14700	liquid
80.000	37.333	1.5451	0.64722	-0.076800	-0.054566	-0.92729	7.6414	13.475	886.56	-0.052544	0.28489	0.14701	liquid
80.000	37.500	1.5451	0.64720	-0.076833	-0.054501	-0.92771	7.6417	13.474	886.63	-0.052550	0.28494	0.14703	liquid
80.000	37.667	1.5451	0.64719	-0.076867	-0.054435	-0.92813	7.6420	13.474	886.69	-0.052555	0.28499	0.14704	liquid
80.000	37.833	1.5452	0.64717	-0.076900	-0.054369	-0.92855	7.6422	13.473	886.76	-0.052560	0.28504	0.14705	liquid
80.000	38.000	1.5452	0.64716	-0.076933	-0.054304	-0.92897	7.6425	13.473	886.82	-0.052566	0.28509	0.14706	liquid
80.000	38.167	1.5453	0.64714	-0.076966	-0.054238	-0.92939	7.6428	13.472	886.89	-0.052571	0.28514	0.14707	liquid
80.000	38.333	1.5453	0.64712	-0.076999	-0.054173	-0.92981	7.6430	13.472	886.96	-0.052576	0.28519	0.14708	liquid
80.000	38.500	1.5453	0.64711	-0.077032	-0.054107	-0.93023	7.6433	13.471	887.02	-0.052582	0.28525	0.14709	liquid
80.000	38.667	1.5454	0.64709	-0.077065	-0.054042	-0.93065	7.6436	13.471	887.09	-0.052587	0.28530	0.14710	liquid
80.000	38.833	1.5454	0.64708	-0.077098	-0.053976	-0.93108	7.6439	13.470	887.15	-0.052592	0.28535	0.14711	liquid
80.000	39.000	1.5455	0.64706	-0.077131	-0.053910	-0.93150	7.6441	13.470	887.22	-0.052598	0.28540	0.14713	liquid
80.000	39.167	1.5455	0.64704	-0.077164	-0.053845	-0.93192	7.6444	13.469	887.28	-0.052603	0.28545	0.14714	liquid
80.000	39.333	1.5455	0.64703	-0.077198	-0.053779	-0.93234	7.6447	13.469	887.35	-0.052608	0.28550	0.14715	liquid
80.000	39.500	1.5456	0.64701	-0.077231	-0.053714	-0.93276	7.6449	13.468	887.41	-0.052614	0.28555	0.14716	liquid
80.000	39.667	1.5456	0.64700	-0.077264	-0.053648	-0.93318	7.6452	13.468	887.48	-0.052619	0.28560	0.14717	liquid
80.000	39.833	1.5456	0.64698	-0.077297	-0.053582	-0.93360	7.6455	13.467	887.54	-0.052624	0.28565	0.14718	liquid
80.000	40.000	1.5457	0.64697	-0.077330	-0.053517	-0.93402	7.6458	13.467	887.61	-0.052630	0.28570	0.14719	liquid
80.000	40.167	1.5457	0.64695	-0.077363	-0.053451	-0.93444	7.6460	13.466	887.68	-0.052635	0.28575	0.14720	liquid
80.000	40.333	1.5458	0.64693	-0.077396	-0.053385	-0.93486	7.6463	13.466	887.74	-0.052640	0.28580	0.14721	liquid
80.000	40.500	1.5458	0.64692	-0.077429	-0.053320	-0.93528	7.6466	13.465	887.81	-0.052646	0.28585	0.14723	liquid
80.000	40.667	1.5458	0.64690	-0.077462	-0.053254	-0.93570	7.6468	13.465	887.87	-0.052651	0.28590	0.14724	liquid
80.000	40.833	1.5459	0.64689	-0.077495	-0.053189	-0.93612	7.6471	13.464	887.94	-0.052656	0.28595	0.14725	liquid
80.000	41.000	1.5459	0.64687	-0.077528	-0.053123	-0.93653	7.6474	13.464	888.00	-0.052662	0.28600	0.14726	liquid
80.000	41.167	1.5459	0.64686	-0.077561	-0.053057	-0.93695	7.6477	13.463	888.07	-0.052667	0.28605	0.14727	liquid
80.000	41.333	1.5460	0.64684	-0.077593	-0.052992	-0.93737	7.6479	13.463	888.13	-0.052672	0.28610	0.14728	liquid
80.000	41.500	1.5460	0.64682	-0.077626	-0.052926	-0.93779	7.6482	13.463	888.20	-0.052677	0.28615	0.14729	liquid
80.000	41.667	1.5461	0.64681	-0.077659	-0.052860	-0.93821	7.6485	13.462	888.26	-0.052683	0.28620	0.14730	liquid
80.000	41.833	1.5461	0.64679	-0.077692	-0.052795	-0.93863	7.6488	13.462	888.33	-0.052688	0.28625	0.14731	liquid
80.000	42.000	1.5461	0.64678	-0.077725	-0.052729	-0.93905	7.6490	13.461	888.39	-0.052693	0.28630	0.14732	liquid
80.000	42.167	1.5462	0.64676	-0.077758	-0.052663	-0.93947	7.6493	13.461	888.46	-0.052699	0.28635	0.14734	liquid
80.000	42.333	1.5462	0.64674	-0.077791	-0.052598	-0.93989	7.6496	13.460	888.52	-0.052704	0.28640	0.14735	liquid
80.000	42.500	1.5462	0.64673	-0.077824	-0.052532	-0.94031	7.6498	13.460	888.59	-0.052709	0.28646	0.14736	liquid
80.000	42.667	1.5463	0.64671	-0.077857	-0.052466	-0.94073	7.6501	13.459	888.65	-0.052714	0.28651	0.14737	liquid
80.000	42.833	1.5463	0.64670	-0.077890	-0.052400	-0.94114	7.6504	13.459	888.72	-0.052720	0.28656	0.14738	liquid
80.000	43.000	1.5464	0.64668	-0.077922	-0.052335	-0.94156	7.6507	13.458	888.78	-0.052725	0.28661	0.14739	liquid
80.000	43.167	1.5464	0.64667	-0.077955	-0.052269	-0.94198	7.6509	13.458	888.85	-0.052730	0.28666	0.14740	liquid
80.000	43.333	1.5464	0.64665	-0.077988	-0.052203	-0.94240	7.6512	13.457	888.91	-0.052736	0.28671	0.14741	liquid
80.000	43.500	1.5465	0.64663	-0.078021	-0.052138	-0.94282	7.6515	13.457	888.98	-0.052741	0.28676	0.14742	liquid
80.000	43.667	1.5465	0.64662	-0.078054	-0.052072	-0.94324	7.6518	13.456	889.04	-0.052746	0.28681	0.14743	liquid
80.000	43.833	1.5465	0.64660	-0.078087	-0.052006	-0.94365	7.6520	13.456	889.11	-0.052751	0.28686	0.14745	liquid
80.000	44.000	1.5466	0.64659	-0.078119	-0.051940	-0.94407	7.6523	13.455	889.17	-0.052757	0.28691	0.14746	liquid
80.000	44.167	1.5466	0.64657	-0.078152	-0.051875	-0.94449	7.6526	13.455	889.24	-0.052762	0.28696	0.14747	liquid
80.000	44.333	1.5467	0.64656	-0.078185	-0.051809	-0.94491	7.6529	13.454	889.30	-0.052767	0.28701	0.14748	liquid
80.000	44.500	1.5467	0.64654	-0.078218	-0.051743	-0.94532	7.6531	13.454	889.36	-0.052772	0.28706	0.14749	liquid
80.000	44.667	1.5467	0.64652	-0.078251	-0.051678	-0.94574	7.6534	13.453	889.43	-0.052778	0.28711	0.14750	liquid
80.000	44.833	1.5468	0.64651	-0.078283	-0.051612	-0.94616	7.6537	13.453	889.49	-0.052783	0.28716	0.14751	liquid
80.000	45.000	1.5468	0.64649	-0.078316	-0.051546	-0.94658	7.6539	13.452	889.56	-0.052788	0.28721	0.14752	liquid
80.000	45.167	1.5468	0.64648	-0.078349	-0.051480	-0.94699	7.6542	13.452	889.62	-0.052793	0.28726	0.14753	liquid
80.000	45.333	1.5469	0.64646	-0.078382	-0.051414	-0.94741	7.6545	13.451	889.69	-0.052799	0.28731	0.14755	liquid
80.000	45.500	1.5469	0.64645	-0.078414	-0.051349	-0.94783	7.6548	13.451	889.75	-0.052804	0.28736	0.14756	liquid
80.000	45.667	1.5470	0.64643	-0.078447	-0.051283	-0.94825	7.6550	13.450	889.82	-0.052809	0.28741	0.14757	liquid
80.000	45.833	1.5470	0.64642	-0.078480	-0.051217	-0.94866	7.6553	13.450	889.88	-0.052814	0.28747	0.14758	liquid
80.000	46.000	1.5470	0.64640	-0.078512	-0.051151	-0.94908	7.6556	13.450	889.95	-0.052819	0.28752	0.14759	liquid
80.000	46.167	1.5471	0.64638	-0.078545	-0.051086	-0.94950	7.6559	13.449	890.01	-0.052825	0.28757	0.14760	liquid
80.000	46.333	1.5471	0.64637	-0.078578	-0.051020	-0.94991	7.6561	13.449	890.07	-0.052830	0.28762	0.14761	liquid
80.000	46.500	1.5471	0.64635	-0.078610	-0.050954	-0.95033	7.6564	13.448	890.14	-0.052835	0.28767	0.14762	liquid
80.000	46.667	1.5472	0.64634	-0.078643	-0.050888	-0.95075	7.6567	13.448	890.20	-0.052840	0.28772	0.14763	liquid
80.000	46.833	1.5472	0.64632	-0.078676	-0.050822	-0.95116	7.6570	13.447	890.27	-0.052846	0.28777	0.14764	liquid
80.000	47.000	1.5473	0.64631	-0.078708	-0.050757	-0.95158	7.6572	13.447	890.33	-0.052851	0.28782	0.14766	liquid
80.000	47.167	1.5473	0.64629	-0.078741	-0.050691	-0.95200	7.6575	13.446	890.40	-0.052856	0.28787	0.14767	liquid
80.000	47.333	1.5473	0.64627	-0.078774	-0.050625	-0.95241	7.6578	13.446	890.46	-0.052861	0.28792	0.14768	liquid
80.000	47.500	1.5474	0.64626	-0.078806	-0.050559	-0.95283	7.6581	13.445	890.52	-0.052866	0.28797	0.14769	liquid
80.000	47.667	1.5474	0.64624	-0.078839	-0.050493	-0.95325	7.6583	13.445	890.59	-0.052872	0.28802	0.14770	liquid
80.000	47.833	1.5474	0.64623	-0.078871	-0.050428	-0.95366	7.6586	13.444	890.65	-0.052877	0.28807	0.14771	liquid
80.000	48.000	1.5475	0.64621	-0.078904	-0.050362	-0.95408	7.6589	13.444	890.72	-0.052882	0.28812	0.14772	liquid
80.000	48.167	1.5475	0.64620	-0.078937	-0.050296	-0.95449	7.6592	13.443	890.78	-0.052887	0.28817	0.14773	liquid
80.000	48.333	1.5476	0.64618	-0.078969	-0.050230	-0.95491	7.6594	13.443	890.84	-0.052892	0.28822	0.14774	liquid
80.000	48.500	1.5476	0.64617	-0.079002	-0.050164	-0.95533	7.6597	13.442	890.91	-0.052898	0.28827	0.14775	liquid
80.000	48.667	1.5476	0.64615	-0.079034	-0.050098	-0.95574	7.6600	13.442	890.97	-0.052903	0.28833	0.14777	liquid
80.000	48.833	1.5477	0.64613	-0.079067	-0.050033	-0.95616	7.6603	13.441	891.04	-0.052908	0.28838	0.14778	liquid
80.000	49.000	1.5477	0.64612	-0.079099	-0.049967	-0.95657	7.6605	13.441	891.10	-0.052913	0.28843	0.14779	liquid
80.000	49.167	1.5477	0.64610	-0.079132	-0.049901	-0.95699	7.6608	13.441	891.16	-0.052918	0.28848	0.14780	liquid
80.000	49.333	1.5478	0.64609	-0.079164	-0.049835	-0.95740	7.6611	13.440	891.23	-0.052923	0.28853	0.14781	liquid
80.000	49.500	1.5478	0.64607	-0.079197	-0.049769	-0.95782	7.6614	13.440	891.29	-0.052929	0.28858	0.14782	liquid
80.000	49.667	1.5479	0.64606	-0.079229	-0.049703	-0.95823	7.6616	13.439	891.36	-0.052934	0.28863	0.14783	liquid
80.000	49.833	1.5479	0.64604	-0.079262	-0.049637	-0.95865	7.6619	13.439	891.42	-0.052939	0.28868	0.14784	liquid
80.000	50.000	1.5479	0.64602	-0.079294	-0.049572	-0.95906	7.6622	13.438	891.48	-0.052944	0.28873	0.14785	liquid
80.000	50.167	1.5480	0.64601	-0.079327	-0.049506	-0.95948	7.6625	13.438	891.55	-0.052949	0.28878	0.14786	liquid
80.000	50.333	1.5480	0.64599	-0.079359	-0.049440	-0.95989	7.6627	13.437	891.61	-0.052954	0.28883	0.14788	liquid
80.000	50.500	1.5480	0.64598	-0.079392	-0.049374	-0.96031	7.6630	13.437	891.68	-0.052960	0.28888	0.14789	liquid
80.000	50.667	1.5481	0.64596	-0.079424	-0.049308	-0.96072	7.6633	13.436	891.74	-0.052965	0.28893	0.14790	liquid
80.000	50.833	1.5481	0.64595	-0.079457	-0.049242	-0.96114	7.6636	13.436	891.80	-0.052970	0.28898	0.14791	liquid
80.000	51.000	1.5482	0.64593	-0.079489	-0.049176	-0.96155	7.6638	13.435	891.87	-0.052975	0.28903	0.14792	liquid
80.000	51.167	1.5482	0.64592	-0.079522	-0.049110	-0.96197	7.6641	13.435	891.93	-0.052980	0.28909	0.14793	liquid
80.000	51.333	1.5482	0.64590	-0.079554	-0.049044	-0.96238	7.6644	13.434	891.99	-0.052985	0.28914	0.14794	liquid
80.000	51.500	1.5483	0.64589	-0.079586	-0.048979	-0.96280	7.6647	13.434	892.06	-0.052990	0.28919	0.14795	liquid
80.000	51.667	1.5483	0.64587	-0.079619	-0.048913	-0.96321	7.6649	13.433	892.12	-0.052996	0.28924	0.14796	liquid
80.000	51.833	1.5483	0.64585	-0.079651	-0.048847	-0.96362	7.6652	13.433	892.18	-0.053001	0.28929	0.14797	liquid
80.000	52.000	1.5484	0.64584	-0.079684	-0.048781	-0.96404	7.6655	13.433	892.25	-0.053006	0.28934	0.14799	liquid
80.000	52.167	1.5484	0.64582	-0.079716	-0.048715	-0.96445	7.6658	13.432	892.31	-0.053011	0.28939	0.14800	liquid
80.000	52.333	1.5484	0.64581	-0.079748	-0.048649	-0.96487	7.6660	13.432	892.38	-0.053016	0.28944	0.14801	liquid
80.000	52.500	1.5485	0.64579	-0.079781	-0.048583	-0.96528	7.6663	13.431	892.44	-0.053021	0.28949	0.14802	liquid
80.000	52.667	1.5485	0.64578	-0.079813	-0.048517	-0.96569	7.6666	13.431	892.50	-0.053026	0.28954	0.14803	liquid
80.000	52.833	1.5486	0.64576	-0.079845	-0.048451	-0.96611	7.6669	13.430	892.57	-0.053032	0.28959	0.14804	liquid
80.000	53.000	1.5486	0.64575	-0.079878	-0.048385	-0.96652	7.6672	13.430	892.63	-0.053037	0.28964	0.14805	liquid
80.000	53.167	1.5486	0.64573	-0.079910	-0.048319	-0.96693	7.6674	13.429	892.69	-0.053042	0.28969	0.14806	liquid
80.000	53.333	1.5487	0.64571	-0.079942	-0.048253	-0.96735	7.6677	13.429	892.76	-0.053047	0.28974	0.14807	liquid
80.000	53.500	1.5487	0.64570	-0.079975	-0.048187	-0.96776	7.6680	13.428	892.82	-0.053052	0.28980	0.14808	liquid
80.000	53.667	1.5487	0.64568	-0.080007	-0.048121	-0.96817	7.6683	13.428	892.88	-0.053057	0.28985	0.14809	liquid
80.000	53.833	1.5488	0.64567	-0.080039	-0.048055	-0.96859	7.6685	13.427	892.95	-0.053062	0.28990	0.14811	liquid
80.000	54.000	1.5488	0.64565	-0.080072	-0.047989	-0.96900	7.6688	13.427	893.01	-0.053067	0.28995	0.14812	liquid
80.000	54.167	1.5489	0.64564	-0.080104	-0.047923	-0.96941	7.6691	13.426	893.07	-0.053072	0.29000	0.14813	liquid
80.000	54.333	1.5489	0.64562	-0.080136	-0.047857	-0.96983	7.6694	13.426	893.14	-0.053077	0.29005	0.14814	liquid
80.000	54.500	1.5489	0.64561	-0.080168	-0.047791	-0.97024	7.6696	13.426	893.20	-0.053083	0.29010	0.14815	liquid
80.000	54.667	1.5490	0.64559	-0.080201	-0.047725	-0.97065	7.6699	13.425	893.26	-0.053088	0.29015	0.14816	liquid
80.000	54.833	1.5490	0.64558	-0.080233	-0.047659	-0.97106	7.6702	13.425	893.32	-0.053093	0.29020	0.14817	liquid
80.000	55.000	1.5490	0.64556	-0.080265	-0.047593	-0.97148	7.6705	13.424	893.39	-0.053098	0.29025	0.14818	liquid
80.000	55.167	1.5491	0.64554	-0.080297	-0.047527	-0.97189	7.6707	13.424	893.45	-0.053103	0.29030	0.14819	liquid
80.000	55.333	1.5491	0.64553	-0.080330	-0.047461	-0.97230	7.6710	13.423	893.51	-0.053108	0.29035	0.14820	liquid
80.000	55.500	1.5492	0.64551	-0.080362	-0.047395	-0.97271	7.6713	13.423	893.58	-0.053113	0.29040	0.14822	liquid
80.000	55.667	1.5492	0.64550	-0.080394	-0.047329	-0.97313	7.6716	13.422	893.64	-0.053118	0.29046	0.14823	liquid
80.000	55.833	1.5492	0.64548	-0.080426	-0.047263	-0.97354	7.6718	13.422	893.70	-0.053123	0.29051	0.14824	liquid
80.000	56.000	1.5493	0.64547	-0.080458	-0.047197	-0.97395	7.6721	13.421	893.77	-0.053128	0.29056	0.14825	liquid
80.000	56.167	1.5493	0.64545	-0.080490	-0.047131	-0.97436	7.6724	13.421	893.83	-0.053133	0.29061	0.14826	liquid
80.000	56.333	1.5493	0.64544	-0.080523	-0.047065	-0.97478	7.6727	13.420	893.89	-0.053138	0.29066	0.14827	liquid
80.000	56.500	1.5494	0.64542	-0.080555	-0.046999	-0.97519	7.6730	13.420	893.96	-0.053144	0.29071	0.14828	liquid
80.000	56.667	1.5494	0.64541	-0.080587	-0.046933	-0.97560	7.6732	13.420	894.02	-0.053149	0.29076	0.14829	liquid
80.000	56.833	1.5494	0.64539	-0.080619	-0.046867	-0.97601	7.6735	13.419	894.08	-0.053154	0.29081	0.14830	liquid
80.000	57.000	1.5495	0.64538	-0.080651	-0.046801	-0.97642	7.6738	13.419	894.14	-0.053159	0.29086	0.14831	liquid
80.000	57.167	1.5495	0.64536	-0.080683	-0.046735	-0.97683	7.6741	13.418	894.21	-0.053164	0.29091	0.14832	liquid
80.000	57.333	1.5496	0.64534	-0.080715	-0.046669	-0.97725	7.6743	13.418	894.27	-0.053169	0.29096	0.14834	liquid
80.000	57.500	1.5496	0.64533	-0.080748	-0.046603	-0.97766	7.6746	13.417	894.33	-0.053174	0.29101	0.14835	liquid
80.000	57.667	1.5496	0.64531	-0.080780	-0.046537	-0.97807	7.6749	13.417	894.40	-0.053179	0.29107	0.14836	liquid
80.000	57.833	1.5497	0.64530	-0.080812	-0.046471	-0.97848	7.6752	13.416	894.46	-0.053184	0.29112	0.14837	liquid
80.000	58.000	1.5497	0.64528	-0.080844	-0.046405	-0.97889	7.6754	13.416	894.52	-0.053189	0.29117	0.14838	liquid
80.000	58.167	1.5497	0.64527	-0.080876	-0.046339	-0.97930	7.6757	13.415	894.58	-0.053194	0.29122	0.14839	liquid
80.000	58.333	1.5498	0.64525	-0.080908	-0.046273	-0.97971	7.6760	13.415	894.65	-0.053199	0.29127	0.14840	liquid
80.000	58.500	1.5498	0.64524	-0.080940	-0.046207	-0.98012	7.6763	13.414	894.71	-0.053204	0.29132	0.14841	liquid
80.000	58.667	1.5499	0.64522	-0.080972	-0.046140	-0.98053	7.6765	13.414	894.77	-0.053209	0.29137	0.14842	liquid
80.000	58.833	1.5499	0.64521	-0.081004	-0.046074	-0.98095	7.6768	13.414	894.83	-0.053214	0.29142	0.14843	liquid
80.000	59.000	1.5499	0.64519	-0.081036	-0.046008	-0.98136	7.6771	13.413	894.90	-0.053219	0.29147	0.14844	liquid
80.000	59.167	1.5500	0.64518	-0.081068	-0.045942	-0.98177	7.6774	13.413	894.96	-0.053224	0.29152	0.14846	liquid
80.000	59.333	1.5500	0.64516	-0.081100	-0.045876	-0.98218	7.6777	13.412	895.02	-0.053229	0.29157	0.14847	liquid
80.000	59.500	1.5500	0.64514	-0.081132	-0.045810	-0.98259	7.6779	13.412	895.09	-0.053234	0.29163	0.14848	liquid
80.000	59.667	1.5501	0.64513	-0.081164	-0.045744	-0.98300	7.6782	13.411	895.15	-0.053239	0.29168	0.14849	liquid
80.000	59.833	1.5501	0.64511	-0.081196	-0.045678	-0.98341	7.6785	13.411	895.21	-0.053244	0.29173	0.14850	liquid
80.000	60.000	1.5501	0.64510	-0.081228	-0.045612	-0.98382	7.6788	13.410	895.27	-0.053249	0.29178	0.14851	liquid
80.000	60.167	1.5502	0.64508	-0.081260	-0.045546	-0.98423	7.6790	13.410	895.34	-0.053254	0.29183	0.14852	liquid
80.000	60.333	1.5502	0.64507	-0.081292	-0.045479	-0.98464	7.6793	13.409	895.40	-0.053259	0.29188	0.14853	liquid
80.000	60.500	1.5503	0.64505	-0.081324	-0.045413	-0.98505	7.6796	13.409	895.46	-0.053264	0.29193	0.14854	liquid
80.000	60.667	1.5503	0.64504	-0.081356	-0.045347	-0.98546	7.6799	13.408	895.52	-0.053269	0.29198	0.14855	liquid
80.000	60.833	1.5503	0.64502	-0.081388	-0.045281	-0.98587	7.6801	13.408	895.59	-0.053274	0.29203	0.14856	liquid
80.000	61.000	1.5504	0.64501	-0.081420	-0.045215	-0.98628	7.6804	13.408	895.65	-0.053279	0.29208	0.14858	liquid
80.000	61.167	1.5504	0.64499	-0.081452	-0.045149	-0.98669	7.6807	13.407	895.71	-0.053284	0.29213	0.14859	liquid
80.000	61.333	1.5504	0.64498	-0.081483	-0.045083	-0.98710	7.6810	13.407	895.77	-0.053289	0.29219	0.14860	liquid
80.000	61.500	1.5505	0.64496	-0.081515	-0.045016	-0.98751	7.6812	13.406	895.83	-0.053294	0.29224	0.14861	liquid
80.000	61.667	1.5505	0.64495	-0.081547	-0.044950	-0.98792	7.6815	13.406	895.90	-0.053299	0.29229	0.14862	liquid
80.000	61.833	1.5506	0.64493	-0.081579	-0.044884	-0.98833	7.6818	13.405	895.96	-0.053304	0.29234	0.14863	liquid
80.000	62.000	1.5506	0.64492	-0.081611	-0.044818	-0.98874	7.6821	13.405	896.02	-0.053309	0.29239	0.14864	liquid
80.000	62.167	1.5506	0.64490	-0.081643	-0.044752	-0.98914	7.6824	13.404	896.08	-0.053314	0.29244	0.14865	liquid
80.000	62.333	1.5507	0.64488	-0.081675	-0.044686	-0.98955	7.6826	13.404	896.15	-0.053319	0.29249	0.14866	liquid
80.000	62.500	1.5507	0.64487	-0.081707	-0.044619	-0.98996	7.6829	13.403	896.21	-0.053324	0.29254	0.14867	liquid
80.000	62.667	1.5507	0.64485	-0.081738	-0.044553	-0.99037	7.6832	13.403	896.27	-0.053329	0.29259	0.14868	liquid
80.000	62.833	1.5508	0.64484	-0.081770	-0.044487	-0.99078	7.6835	13.403	896.33	-0.053334	0.29264	0.14870	liquid
80.000	63.000	1.5508	0.64482	-0.081802	-0.044421	-0.99119	7.6837	13.402	896.39	-0.053339	0.29270	0.14871	liquid
80.000	63.167	1.5508	0.64481	-0.081834	-0.044355	-0.99160	7.6840	13.402	896.46	-0.053344	0.29275	0.14872	liquid
80.000	63.333	1.5509	0.64479	-0.081866	-0.044288	-0.99201	7.6843	13.401	896.52	-0.053349	0.29280	0.14873	liquid
80.000	63.500	1.5509	0.64478	-0.081897	-0.044222	-0.99242	7.6846	13.401	896.58	-0.053354	0.29285	0.14874	liquid
80.000	63.667	1.5510	0.64476	-0.081929	-0.044156	-0.99282	7.6848	13.400	896.64	-0.053359	0.29290	0.14875	liquid
80.000	63.833	1.5510	0.64475	-0.081961	-0.044090	-0.99323	7.6851	13.400	896.71	-0.053364	0.29295	0.14876	liquid
80.000	64.000	1.5510	0.64473	-0.081993	-0.044024	-0.99364	7.6854	13.399	896.77	-0.053369	0.29300	0.14877	liquid
80.000	64.167	1.5511	0.64472	-0.082025	-0.043957	-0.99405	7.6857	13.399	896.83	-0.053374	0.29305	0.14878	liquid
80.000	64.333	1.5511	0.64470	-0.082056	-0.043891	-0.99446	7.6860	13.399	896.89	-0.053379	0.29310	0.14879	liquid
80.000	64.500	1.5511	0.64469	-0.082088	-0.043825	-0.99486	7.6862	13.398	896.95	-0.053384	0.29316	0.14880	liquid
80.000	64.667	1.5512	0.64467	-0.082120	-0.043759	-0.99527	7.6865	13.398	897.02	-0.053389	0.29321	0.14882	liquid
80.000	64.833	1.5512	0.64466	-0.082152	-0.043692	-0.99568	7.6868	13.397	897.08	-0.053394	0.29326	0.14883	liquid
80.000	65.000	1.5513	0.64464	-0.082183	-0.043626	-0.99609	7.6871	13.397	897.14	-0.053399	0.29331	0.14884	liquid
80.000	65.167	1.5513	0.64463	-0.082215	-0.043560	-0.99650	7.6873	13.396	897.20	-0.053404	0.29336	0.14885	liquid
80.000	65.333	1.5513	0.64461	-0.082247	-0.043494	-0.99690	7.6876	13.396	897.26	-0.053409	0.29341	0.14886	liquid
80.000	65.500	1.5514	0.64460	-0.082278	-0.043428	-0.99731	7.6879	13.395	897.33	-0.053414	0.29346	0.14887	liquid
80.000	65.667	1.5514	0.64458	-0.082310	-0.043361	-0.99772	7.6882	13.395	897.39	-0.053418	0.29351	0.14888	liquid
80.000	65.833	1.5514	0.64457	-0.082342	-0.043295	-0.99813	7.6884	13.394	897.45	-0.053423	0.29356	0.14889	liquid
80.000	66.000	1.5515	0.64455	-0.082373	-0.043229	-0.99853	7.6887	13.394	897.51	-0.053428	0.29362	0.14890	liquid
80.000	66.167	1.5515	0.64454	-0.082405	-0.043162	-0.99894	7.6890	13.394	897.57	-0.053433	0.29367	0.14891	liquid
80.000	66.333	1.5515	0.64452	-0.082437	-0.043096	-0.99935	7.6893	13.393	897.63	-0.053438	0.29372	0.14892	liquid
80.000	66.500	1.5516	0.64450	-0.082468	-0.043030	-0.99976	7.6895	13.393	897.70	-0.053443	0.29377	0.14893	liquid
80.000	66.667	1.5516	0.64449	-0.082500	-0.042964	-1.0002	7.6898	13.392	897.76	-0.053448	0.29382	0.14895	liquid
80.000	66.833	1.5517	0.64447	-0.082532	-0.042897	-1.0006	7.6901	13.392	897.82	-0.053453	0.29387	0.14896	liquid
80.000	67.000	1.5517	0.64446	-0.082563	-0.042831	-1.0010	7.6904	13.391	897.88	-0.053458	0.29392	0.14897	liquid
80.000	67.167	1.5517	0.64444	-0.082595	-0.042765	-1.0014	7.6907	13.391	897.94	-0.053463	0.29397	0.14898	liquid
80.000	67.333	1.5518	0.64443	-0.082627	-0.042699	-1.0018	7.6909	13.390	898.01	-0.053468	0.29402	0.14899	liquid
80.000	67.500	1.5518	0.64441	-0.082658	-0.042632	-1.0022	7.6912	13.390	898.07	-0.053473	0.29408	0.14900	liquid
80.000	67.667	1.5518	0.64440	-0.082690	-0.042566	-1.0026	7.6915	13.390	898.13	-0.053477	0.29413	0.14901	liquid
80.000	67.833	1.5519	0.64438	-0.082721	-0.042500	-1.0030	7.6918	13.389	898.19	-0.053482	0.29418	0.14902	liquid
80.000	68.000	1.5519	0.64437	-0.082753	-0.042433	-1.0034	7.6920	13.389	898.25	-0.053487	0.29423	0.14903	liquid
80.000	68.167	1.5519	0.64435	-0.082784	-0.042367	-1.0038	7.6923	13.388	898.31	-0.053492	0.29428	0.14904	liquid
80.000	68.333	1.5520	0.64434	-0.082816	-0.042301	-1.0042	7.6926	13.388	898.38	-0.053497	0.29433	0.14905	liquid
80.000	68.500	1.5520	0.64432	-0.082848	-0.042234	-1.0046	7.6929	13.387	898.44	-0.053502	0.29438	0.14907	liquid
80.000	68.667	1.5521	0.64431	-0.082879	-0.042168	-1.0050	7.6931	13.387	898.50	-0.053507	0.29443	0.14908	liquid
80.000	68.833	1.5521	0.64429	-0.082911	-0.042102	-1.0054	7.6934	13.386	898.56	-0.053512	0.29448	0.14909	liquid
80.000	69.000	1.5521	0.64428	-0.082942	-0.042035	-1.0059	7.6937	13.386	898.62	-0.053517	0.29454	0.14910	liquid
80.000	69.167	1.5522	0.64426	-0.082974	-0.041969	-1.0063	7.6940	13.386	898.68	-0.053522	0.29459	0.14911	liquid
80.000	69.333	1.5522	0.64425	-0.083005	-0.041903	-1.0067	7.6942	13.385	898.74	-0.053526	0.29464	0.14912	liquid
80.000	69.500	1.5522	0.64423	-0.083037	-0.041836	-1.0071	7.6945	13.385	898.81	-0.053531	0.29469	0.14913	liquid
80.000	69.667	1.5523	0.64422	-0.083068	-0.041770	-1.0075	7.6948	13.384	898.87	-0.053536	0.29474	0.14914	liquid
80.000	69.833	1.5523	0.64420	-0.083100	-0.041704	-1.0079	7.6951	13.384	898.93	-0.053541	0.29479	0.14915	liquid
80.000	70.000	1.5523	0.64419	-0.083131	-0.041637	-1.0083	7.6953	13.383	898.99	-0.053546	0.29484	0.14916	liquid
80.000	70.167	1.5524	0.64417	-0.083163	-0.041571	-1.0087	7.6956	13.383	899.05	-0.053551	0.29489	0.14917	liquid
80.000	70.333	1.5524	0.64416	-0.083194	-0.041505	-1.0091	7.6959	13.382	899.11	-0.053556	0.29495	0.14918	liquid
80.000	70.500	1.5525	0.64414	-0.083225	-0.041438	-1.0095	7.6962	13.382	899.17	-0.053560	0.29500	0.14920	liquid
80.000	70.667	1.5525	0.64413	-0.083257	-0.041372	-1.0099	7.6965	13.382	899.24	-0.053565	0.29505	0.14921	liquid
80.000	70.833	1.5525	0.64411	-0.083288	-0.041306	-1.0103	7.6967	13.381	899.30	-0.053570	0.29510	0.14922	liquid
80.000	71.000	1.5526	0.64410	-0.083320	-0.041239	-1.0107	7.6970	13.381	899.36	-0.053575	0.29515	0.14923	liquid
80.000	71.167	1.5526	0.64408	-0.083351	-0.041173	-1.0111	7.6973	13.380	899.42	-0.053580	0.29520	0.14924	liquid
80.000	71.333	1.5526	0.64407	-0.083383	-0.041106	-1.0115	7.6976	13.380	899.48	-0.053585	0.29525	0.14925	liquid
80.000	71.500	1.5527	0.64405	-0.083414	-0.041040	-1.0119	7.6978	13.379	899.54	-0.053590	0.29530	0.14926	liquid
80.000	71.667	1.5527	0.64404	-0.083445	-0.040974	-1.0123	7.6981	13.379	899.60	-0.053594	0.29536	0.14927	liquid
80.000	71.833	1.5527	0.64402	-0.083477	-0.040907	-1.0127	7.6984	13.378	899.67	-0.053599	0.29541	0.14928	liquid
80.000	72.000	1.5528	0.64401	-0.083508	-0.040841	-1.0131	7.6987	13.378	899.73	-0.053604	0.29546	0.14929	liquid
80.000	72.167	1.5528	0.64399	-0.083539	-0.040774	-1.0136	7.6989	13.378	899.79	-0.053609	0.29551	0.14930	liquid
80.000	72.333	1.5529	0.64398	-0.083571	-0.040708	-1.0140	7.6992	13.377	899.85	-0.053614	0.29556	0.14931	liquid
80.000	72.500	1.5529	0.64396	-0.083602	-0.040642	-1.0144	7.6995	13.377	899.91	-0.053619	0.29561	0.14933	liquid
80.000	72.667	1.5529	0.64395	-0.083634	-0.040575	-1.0148	7.6998	13.376	899.97	-0.053624	0.29566	0.14934	liquid
80.000	72.833	1.5530	0.64393	-0.083665	-0.040509	-1.0152	7.7000	13.376	900.03	-0.053628	0.29571	0.14935	liquid
80.000	73.000	1.5530	0.64392	-0.083696	-0.040442	-1.0156	7.7003	13.375	900.09	-0.053633	0.29577	0.14936	liquid
80.000	73.167	1.5530	0.64390	-0.083728	-0.040376	-1.0160	7.7006	13.375	900.16	-0.053638	0.29582	0.14937	liquid
80.000	73.333	1.5531	0.64389	-0.083759	-0.040310	-1.0164	7.7009	13.374	900.22	-0.053643	0.29587	0.14938	liquid
80.000	73.500	1.5531	0.64387	-0.083790	-0.040243	-1.0168	7.7011	13.374	900.28	-0.053648	0.29592	0.14939	liquid
80.000	73.667	1.5531	0.64386	-0.083821	-0.040177	-1.0172	7.7014	13.374	900.34	-0.053652	0.29597	0.14940	liquid
80.000	73.833	1.5532	0.64384	-0.083853	-0.040110	-1.0176	7.7017	13.373	900.40	-0.053657	0.29602	0.14941	liquid
80.000	74.000	1.5532	0.64383	-0.083884	-0.040044	-1.0180	7.7020	13.373	900.46	-0.053662	0.29607	0.14942	liquid
80.000	74.167	1.5532	0.64381	-0.083915	-0.039977	-1.0184	7.7022	13.372	900.52	-0.053667	0.29612	0.14943	liquid
80.000	74.333	1.5533	0.64380	-0.083947	-0.039911	-1.0188	7.7025	13.372	900.58	-0.053672	0.29618	0.14944	liquid
80.000	74.500	1.5533	0.64378	-0.083978	-0.039844	-1.0192	7.7028	13.371	900.64	-0.053677	0.29623	0.14945	liquid
80.000	74.667	1.5534	0.64377	-0.084009	-0.039778	-1.0196	7.7031	13.371	900.71	-0.053681	0.29628	0.14947	liquid
80.000	74.833	1.5534	0.64375	-0.084040	-0.039712	-1.0200	7.7033	13.371	900.77	-0.053686	0.29633	0.14948	liquid
80.000	75.000	1.5534	0.64374	-0.084071	-0.039645	-1.0204	7.7036	13.370	900.83	-0.053691	0.29638	0.14949	liquid
80.000	75.167	1.5535	0.64372	-0.084103	-0.039579	-1.0208	7.7039	13.370	900.89	-0.053696	0.29643	0.14950	liquid
80.000	75.333	1.5535	0.64371	-0.084134	-0.039512	-1.0212	7.7042	13.369	900.95	-0.053701	0.29648	0.14951	liquid
80.000	75.500	1.5535	0.64369	-0.084165	-0.039446	-1.0216	7.7044	13.369	901.01	-0.053705	0.29654	0.14952	liquid
80.000	75.667	1.5536	0.64368	-0.084196	-0.039379	-1.0220	7.7047	13.368	901.07	-0.053710	0.29659	0.14953	liquid
80.000	75.833	1.5536	0.64366	-0.084228	-0.039313	-1.0224	7.7050	13.368	901.13	-0.053715	0.29664	0.14954	liquid
80.000	76.000	1.5536	0.64365	-0.084259	-0.039246	-1.0228	7.7053	13.367	901.19	-0.053720	0.29669	0.14955	liquid
80.000	76.167	1.5537	0.64363	-0.084290	-0.039180	-1.0232	7.7055	13.367	901.25	-0.053724	0.29674	0.14956	liquid
80.000	76.333	1.5537	0.64362	-0.084321	-0.039113	-1.0236	7.7058	13.367	901.31	-0.053729	0.29679	0.14957	liquid
80.000	76.500	1.5538	0.64360	-0.084352	-0.039047	-1.0240	7.7061	13.366	901.38	-0.053734	0.29684	0.14958	liquid
80.000	76.667	1.5538	0.64359	-0.084383	-0.038980	-1.0244	7.7064	13.366	901.44	-0.053739	0.29690	0.14960	liquid
80.000	76.833	1.5538	0.64357	-0.084414	-0.038914	-1.0249	7.7066	13.365	901.50	-0.053744	0.29695	0.14961	liquid
80.000	77.000	1.5539	0.64356	-0.084446	-0.038847	-1.0253	7.7069	13.365	901.56	-0.053748	0.29700	0.14962	liquid
80.000	77.167	1.5539	0.64354	-0.084477	-0.038781	-1.0257	7.7072	13.364	901.62	-0.053753	0.29705	0.14963	liquid
80.000	77.333	1.5539	0.64353	-0.084508	-0.038714	-1.0261	7.7075	13.364	901.68	-0.053758	0.29710	0.14964	liquid
80.000	77.500	1.5540	0.64351	-0.084539	-0.038648	-1.0265	7.7077	13.364	901.74	-0.053763	0.29715	0.14965	liquid
80.000	77.667	1.5540	0.64350	-0.084570	-0.038581	-1.0269	7.7080	13.363	901.80	-0.053767	0.29720	0.14966	liquid
80.000	77.833	1.5540	0.64348	-0.084601	-0.038515	-1.0273	7.7083	13.363	901.86	-0.053772	0.29726	0.14967	liquid
80.000	78.000	1.5541	0.64347	-0.084632	-0.038448	-1.0277	7.7086	13.362	901.92	-0.053777	0.29731	0.14968	liquid
80.000	78.167	1.5541	0.64345	-0.084663	-0.038381	-1.0281	7.7088	13.362	901.98	-0.053782	0.29736	0.14969	liquid
80.000	78.333	1.5542	0.64344	-0.084694	-0.038315	-1.0285	7.7091	13.361	902.04	-0.053786	0.29741	0.14970	liquid
80.000	78.500	1.5542	0.64342	-0.084725	-0.038248	-1.0289	7.7094	13.361	902.10	-0.053791	0.29746	0.14971	liquid
80.000	78.667	1.5542	0.64341	-0.084756	-0.038182	-1.0293	7.7097	13.361	902.17	-0.053796	0.29751	0.14972	liquid
80.000	78.833	1.5543	0.64339	-0.084788	-0.038115	-1.0297	7.7099	13.360	902.23	-0.053801	0.29756	0.14974	liquid
80.000	79.000	1.5543	0.64338	-0.084819	-0.038049	-1.0301	7.7102	13.360	902.29	-0.053805	0.29762	0.14975	liquid
80.000	79.167	1.5543	0.64336	-0.084850	-0.037982	-1.0305	7.7105	13.359	902.35	-0.053810	0.29767	0.14976	liquid
80.000	79.333	1.5544	0.64335	-0.084881	-0.037916	-1.0309	7.7108	13.359	902.41	-0.053815	0.29772	0.14977	liquid
80.000	79.500	1.5544	0.64333	-0.084912	-0.037849	-1.0313	7.7110	13.358	902.47	-0.053820	0.29777	0.14978	liquid
80.000	79.667	1.5544	0.64332	-0.084943	-0.037782	-1.0317	7.7113	13.358	902.53	-0.053824	0.29782	0.14979	liquid
80.000	79.833	1.5545	0.64330	-0.084974	-0.037716	-1.0321	7.7116	13.358	902.59	-0.053829	0.29787	0.14980	liquid
80.000	80.000	1.5545	0.64329	-0.085005	-0.037649	-1.0325	7.7118	13.357	902.65	-0.053834	0.29792	0.14981	liquid
80.000	80.167	1.5545	0.64327	-0.085036	-0.037583	-1.0329	7.7121	13.357	902.71	-0.053839	0.29798	0.14982	liquid
80.000	80.333	1.5546	0.64326	-0.085067	-0.037516	-1.0333	7.7124	13.356	902.77	-0.053843	0.29803	0.14983	liquid
80.000	80.500	1.5546	0.64324	-0.085098	-0.037450	-1.0337	7.7127	13.356	902.83	-0.053848	0.29808	0.14984	liquid
80.000	80.667	1.5547	0.64323	-0.085128	-0.037383	-1.0341	7.7129	13.355	902.89	-0.053853	0.29813	0.14985	liquid
80.000	80.833	1.5547	0.64321	-0.085159	-0.037316	-1.0345	7.7132	13.355	902.95	-0.053858	0.29818	0.14986	liquid
80.000	81.000	1.5547	0.64320	-0.085190	-0.037250	-1.0349	7.7135	13.354	903.01	-0.053862	0.29823	0.14988	liquid
80.000	81.167	1.5548	0.64319	-0.085221	-0.037183	-1.0353	7.7138	13.354	903.07	-0.053867	0.29829	0.14989	liquid
80.000	81.333	1.5548	0.64317	-0.085252	-0.037117	-1.0357	7.7140	13.354	903.13	-0.053872	0.29834	0.14990	liquid
80.000	81.500	1.5548	0.64316	-0.085283	-0.037050	-1.0361	7.7143	13.353	903.20	-0.053876	0.29839	0.14991	liquid
80.000	81.667	1.5549	0.64314	-0.085314	-0.036983	-1.0365	7.7146	13.353	903.26	-0.053881	0.29844	0.14992	liquid
80.000	81.833	1.5549	0.64313	-0.085345	-0.036917	-1.0369	7.7149	13.352	903.32	-0.053886	0.29849	0.14993	liquid
80.000	82.000	1.5549	0.64311	-0.085376	-0.036850	-1.0373	7.7151	13.352	903.38	-0.053891	0.29854	0.14994	liquid
80.000	82.167	1.5550	0.64310	-0.085407	-0.036783	-1.0377	7.7154	13.351	903.44	-0.053895	0.29859	0.14995	liquid
80.000	82.333	1.5550	0.64308	-0.085438	-0.036717	-1.0381	7.7157	13.351	903.50	-0.053900	0.29865	0.14996	liquid
80.000	82.500	1.5550	0.64307	-0.085468	-0.036650	-1.0385	7.7159	13.351	903.56	-0.053905	0.29870	0.14997	liquid
80.000	82.667	1.5551	0.64305	-0.085499	-0.036584	-1.0389	7.7162	13.350	903.62	-0.053909	0.29875	0.14998	liquid
80.000	82.833	1.5551	0.64304	-0.085530	-0.036517	-1.0393	7.7165	13.350	903.68	-0.053914	0.29880	0.14999	liquid
80.000	83.000	1.5552	0.64302	-0.085561	-0.036450	-1.0397	7.7168	13.349	903.74	-0.053919	0.29885	0.15000	liquid
80.000	83.167	1.5552	0.64301	-0.085592	-0.036384	-1.0401	7.7170	13.349	903.80	-0.053923	0.29890	0.15002	liquid
80.000	83.333	1.5552	0.64299	-0.085623	-0.036317	-1.0405	7.7173	13.348	903.86	-0.053928	0.29896	0.15003	liquid
80.000	83.500	1.5553	0.64298	-0.085653	-0.036250	-1.0409	7.7176	13.348	903.92	-0.053933	0.29901	0.15004	liquid
80.000	83.667	1.5553	0.64296	-0.085684	-0.036184	-1.0413	7.7179	13.348	903.98	-0.053937	0.29906	0.15005	liquid
80.000	83.833	1.5553	0.64295	-0.085715	-0.036117	-1.0417	7.7181	13.347	904.04	-0.053942	0.29911	0.15006	liquid
80.000	84.000	1.5554	0.64293	-0.085746	-0.036050	-1.0421	7.7184	13.347	904.10	-0.053947	0.29916	0.15007	liquid
80.000	84.167	1.5554	0.64292	-0.085777	-0.035984	-1.0425	7.7187	13.346	904.16	-0.053952	0.29921	0.15008	liquid
80.000	84.333	1.5554	0.64290	-0.085807	-0.035917	-1.0429	7.7189	13.346	904.22	-0.053956	0.29927	0.15009	liquid
80.000	84.500	1.5555	0.64289	-0.085838	-0.035850	-1.0433	7.7192	13.346	904.28	-0.053961	0.29932	0.15010	liquid
80.000	84.667	1.5555	0.64287	-0.085869	-0.035784	-1.0437	7.7195	13.345	904.34	-0.053966	0.29937	0.15011	liquid
80.000	84.833	1.5555	0.64286	-0.085900	-0.035717	-1.0441	7.7198	13.345	904.40	-0.053970	0.29942	0.15012	liquid
80.000	85.000	1.5556	0.64285	-0.085931	-0.035650	-1.0445	7.7200	13.344	904.46	-0.053975	0.29947	0.15013	liquid
80.000	85.167	1.5556	0.64283	-0.085961	-0.035584	-1.0449	7.7203	13.344	904.52	-0.053980	0.29952	0.15014	liquid
80.000	85.333	1.5557	0.64282	-0.085992	-0.035517	-1.0453	7.7206	13.343	904.58	-0.053984	0.29958	0.15016	liquid
80.000	85.500	1.5557	0.64280	-0.086023	-0.035450	-1.0457	7.7208	13.343	904.64	-0.053989	0.29963	0.15017	liquid
80.000	85.667	1.5557	0.64279	-0.086053	-0.035383	-1.0461	7.7211	13.343	904.70	-0.053994	0.29968	0.15018	liquid
80.000	85.833	1.5558	0.64277	-0.086084	-0.035317	-1.0465	7.7214	13.342	904.76	-0.053998	0.29973	0.15019	liquid
80.000	86.000	1.5558	0.64276	-0.086115	-0.035250	-1.0469	7.7217	13.342	904.82	-0.054003	0.29978	0.15020	liquid
80.000	86.167	1.5558	0.64274	-0.086146	-0.035183	-1.0473	7.7219	13.341	904.88	-0.054007	0.29983	0.15021	liquid
80.000	86.333	1.5559	0.64273	-0.086176	-0.035117	-1.0477	7.7222	13.341	904.94	-0.054012	0.29989	0.15022	liquid
80.000	86.500	1.5559	0.64271	-0.086207	-0.035050	-1.0481	7.7225	13.340	905.00	-0.054017	0.29994	0.15023	liquid
80.000	86.667	1.5559	0.64270	-0.086238	-0.034983	-1.0485	7.7227	13.340	905.06	-0.054021	0.29999	0.15024	liquid
80.000	86.833	1.5560	0.64268	-0.086268	-0.034916	-1.0489	7.7230	13.340	905.12	-0.054026	0.30004	0.15025	liquid
80.000	87.000	1.5560	0.64267	-0.086299	-0.034850	-1.0493	7.7233	13.339	905.18	-0.054031	0.30009	0.15026	liquid
80.000	87.167	1.5560	0.64265	-0.086330	-0.034783	-1.0497	7.7236	13.339	905.24	-0.054035	0.30014	0.15027	liquid
80.000	87.333	1.5561	0.64264	-0.086360	-0.034716	-1.0501	7.7238	13.338	905.30	-0.054040	0.30020	0.15028	liquid
80.000	87.500	1.5561	0.64262	-0.086391	-0.034650	-1.0505	7.7241	13.338	905.36	-0.054045	0.30025	0.15029	liquid
80.000	87.667	1.5562	0.64261	-0.086421	-0.034583	-1.0508	7.7244	13.337	905.42	-0.054049	0.30030	0.15031	liquid
80.000	87.833	1.5562	0.64259	-0.086452	-0.034516	-1.0512	7.7246	13.337	905.48	-0.054054	0.30035	0.15032	liquid
80.000	88.000	1.5562	0.64258	-0.086483	-0.034449	-1.0516	7.7249	13.337	905.54	-0.054058	0.30040	0.15033	liquid
80.000	88.167	1.5563	0.64257	-0.086513	-0.034383	-1.0520	7.7252	13.336	905.60	-0.054063	0.30045	0.15034	liquid
80.000	88.333	1.5563	0.64255	-0.086544	-0.034316	-1.0524	7.7255	13.336	905.66	-0.054068	0.30051	0.15035	liquid
80.000	88.500	1.5563	0.64254	-0.086574	-0.034249	-1.0528	7.7257	13.335	905.72	-0.054072	0.30056	0.15036	liquid
80.000	88.667	1.5564	0.64252	-0.086605	-0.034182	-1.0532	7.7260	13.335	905.78	-0.054077	0.30061	0.15037	liquid
80.000	88.833	1.5564	0.64251	-0.086636	-0.034115	-1.0536	7.7263	13.335	905.84	-0.054082	0.30066	0.15038	liquid
80.000	89.000	1.5564	0.64249	-0.086666	-0.034049	-1.0540	7.7265	13.334	905.90	-0.054086	0.30071	0.15039	liquid
80.000	89.167	1.5565	0.64248	-0.086697	-0.033982	-1.0544	7.7268	13.334	905.96	-0.054091	0.30077	0.15040	liquid
80.000	89.333	1.5565	0.64246	-0.086727	-0.033915	-1.0548	7.7271	13.333	906.02	-0.054095	0.30082	0.15041	liquid
80.000	89.500	1.5565	0.64245	-0.086758	-0.033848	-1.0552	7.7273	13.333	906.08	-0.054100	0.30087	0.15042	liquid
80.000	89.667	1.5566	0.64243	-0.086788	-0.033782	-1.0556	7.7276	13.332	906.14	-0.054105	0.30092	0.15043	liquid
80.000	89.833	1.5566	0.64242	-0.086819	-0.033715	-1.0560	7.7279	13.332	906.20	-0.054109	0.30097	0.15044	liquid
80.000	90.000	1.5567	0.64240	-0.086849	-0.033648	-1.0564	7.7282	13.332	906.26	-0.054114	0.30102	0.15046	liquid
80.000	90.167	1.5567	0.64239	-0.086880	-0.033581	-1.0568	7.7284	13.331	906.32	-0.054118	0.30108	0.15047	liquid
80.000	90.333	1.5567	0.64238	-0.086910	-0.033514	-1.0572	7.7287	13.331	906.38	-0.054123	0.30113	0.15048	liquid
80.000	90.500	1.5568	0.64236	-0.086941	-0.033448	-1.0576	7.7290	13.330	906.44	-0.054128	0.30118	0.15049	liquid
80.000	90.667	1.5568	0.64235	-0.086971	-0.033381	-1.0580	7.7292	13.330	906.50	-0.054132	0.30123	0.15050	liquid
80.000	90.833	1.5568	0.64233	-0.087002	-0.033314	-1.0584	7.7295	13.329	906.56	-0.054137	0.30128	0.15051	liquid
80.000	91.000	1.5569	0.64232	-0.087032	-0.033247	-1.0588	7.7298	13.329	906.62	-0.054141	0.30133	0.15052	liquid
80.000	91.167	1.5569	0.64230	-0.087063	-0.033180	-1.0592	7.7300	13.329	906.68	-0.054146	0.30139	0.15053	liquid
80.000	91.333	1.5569	0.64229	-0.087093	-0.033113	-1.0596	7.7303	13.328	906.74	-0.054151	0.30144	0.15054	liquid
80.000	91.500	1.5570	0.64227	-0.087124	-0.033047	-1.0600	7.7306	13.328	906.80	-0.054155	0.30149	0.15055	liquid
80.000	91.667	1.5570	0.64226	-0.087154	-0.032980	-1.0604	7.7309	13.327	906.86	-0.054160	0.30154	0.15056	liquid
80.000	91.833	1.5570	0.64224	-0.087184	-0.032913	-1.0608	7.7311	13.327	906.92	-0.054164	0.30159	0.15057	liquid
80.000	92.000	1.5571	0.64223	-0.087215	-0.032846	-1.0612	7.7314	13.327	906.98	-0.054169	0.30165	0.15058	liquid
80.000	92.167	1.5571	0.64221	-0.087245	-0.032779	-1.0616	7.7317	13.326	907.04	-0.054173	0.30170	0.15059	liquid
80.000	92.333	1.5571	0.64220	-0.087276	-0.032712	-1.0620	7.7319	13.326	907.10	-0.054178	0.30175	0.15060	liquid
80.000	92.500	1.5572	0.64219	-0.087306	-0.032646	-1.0623	7.7322	13.325	907.16	-0.054183	0.30180	0.15062	liquid
80.000	92.667	1.5572	0.64217	-0.087337	-0.032579	-1.0627	7.7325	13.325	907.22	-0.054187	0.30185	0.15063	liquid
80.000	92.833	1.5573	0.64216	-0.087367	-0.032512	-1.0631	7.7327	13.324	907.28	-0.054192	0.30191	0.15064	liquid
80.000	93.000	1.5573	0.64214	-0.087397	-0.032445	-1.0635	7.7330	13.324	907.34	-0.054196	0.30196	0.15065	liquid
80.000	93.167	1.5573	0.64213	-0.087428	-0.032378	-1.0639	7.7333	13.324	907.40	-0.054201	0.30201	0.15066	liquid
80.000	93.333	1.5574	0.64211	-0.087458	-0.032311	-1.0643	7.7335	13.323	907.46	-0.054205	0.30206	0.15067	liquid
80.000	93.500	1.5574	0.64210	-0.087488	-0.032244	-1.0647	7.7338	13.323	907.52	-0.054210	0.30211	0.15068	liquid
80.000	93.667	1.5574	0.64208	-0.087519	-0.032178	-1.0651	7.7341	13.322	907.58	-0.054214	0.30216	0.15069	liquid
80.000	93.833	1.5575	0.64207	-0.087549	-0.032111	-1.0655	7.7343	13.322	907.64	-0.054219	0.30222	0.15070	liquid
80.000	94.000	1.5575	0.64205	-0.087579	-0.032044	-1.0659	7.7346	13.322	907.70	-0.054224	0.30227	0.15071	liquid
80.000	94.167	1.5575	0.64204	-0.087610	-0.031977	-1.0663	7.7349	13.321	907.76	-0.054228	0.30232	0.15072	liquid
80.000	94.333	1.5576	0.64203	-0.087640	-0.031910	-1.0667	7.7351	13.321	907.82	-0.054233	0.30237	0.15073	liquid
80.000	94.500	1.5576	0.64201	-0.087670	-0.031843	-1.0671	7.7354	13.320	907.88	-0.054237	0.30242	0.15074	liquid
80.000	94.667	1.5576	0.64200	-0.087701	-0.031776	-1.0675	7.7357	13.320	907.94	-0.054242	0.30248	0.15075	liquid
80.000	94.833	1.5577	0.64198	-0.087731	-0.031709	-1.0679	7.7359	13.319	908.00	-0.054246	0.30253	0.15077	liquid
80.000	95.000	1.5577	0.64197	-0.087761	-0.031642	-1.0683	7.7362	13.319	908.06	-0.054251	0.30258	0.15078	liquid
80.000	95.167	1.5577	0.64195	-0.087791	-0.031575	-1.0687	7.7365	13.319	908.12	-0.054255	0.30263	0.15079	liquid
80.000	95.333	1.5578	0.64194	-0.087822	-0.031509	-1.0691	7.7367	13.318	908.18	-0.054260	0.30268	0.15080	liquid
80.000	95.500	1.5578	0.64192	-0.087852	-0.031442	-1.0695	7.7370	13.318	908.23	-0.054264	0.30274	0.15081	liquid
80.000	95.667	1.5579	0.64191	-0.087882	-0.031375	-1.0698	7.7373	13.317	908.29	-0.054269	0.30279	0.15082	liquid
80.000	95.833	1.5579	0.64189	-0.087912	-0.031308	-1.0702	7.7375	13.317	908.35	-0.054273	0.30284	0.15083	liquid
80.000	96.000	1.5579	0.64188	-0.087943	-0.031241	-1.0706	7.7378	13.317	908.41	-0.054278	0.30289	0.15084	liquid
80.000	96.167	1.5580	0.64187	-0.087973	-0.031174	-1.0710	7.7381	13.316	908.47	-0.054282	0.30294	0.15085	liquid
80.000	96.333	1.5580	0.64185	-0.088003	-0.031107	-1.0714	7.7383	13.316	908.53	-0.054287	0.30300	0.15086	liquid
80.000	96.500	1.5580	0.64184	-0.088033	-0.031040	-1.0718	7.7386	13.315	908.59	-0.054291	0.30305	0.15087	liquid
80.000	96.667	1.5581	0.64182	-0.088064	-0.030973	-1.0722	7.7389	13.315	908.65	-0.054296	0.30310	0.15088	liquid
80.000	96.833	1.5581	0.64181	-0.088094	-0.030906	-1.0726	7.7391	13.315	908.71	-0.054301	0.30315	0.15089	liquid
80.000	97.000	1.5581	0.64179	-0.088124	-0.030839	-1.0730	7.7394	13.314	908.77	-0.054305	0.30320	0.15090	liquid
80.000	97.167	1.5582	0.64178	-0.088154	-0.030772	-1.0734	7.7397	13.314	908.83	-0.054310	0.30326	0.15091	liquid
80.000	97.333	1.5582	0.64176	-0.088184	-0.030705	-1.0738	7.7399	13.313	908.89	-0.054314	0.30331	0.15093	liquid
80.000	97.500	1.5582	0.64175	-0.088215	-0.030638	-1.0742	7.7402	13.313	908.95	-0.054319	0.30336	0.15094	liquid
80.000	97.667	1.5583	0.64173	-0.088245	-0.030571	-1.0746	7.7405	13.312	909.01	-0.054323	0.30341	0.15095	liquid
80.000	97.833	1.5583	0.64172	-0.088275	-0.030505	-1.0750	7.7407	13.312	909.07	-0.054328	0.30346	0.15096	liquid
80.000	98.000	1.5583	0.64171	-0.088305	-0.030438	-1.0754	7.7410	13.312	909.13	-0.054332	0.30352	0.15097	liquid
80.000	98.167	1.5584	0.64169	-0.088335	-0.030371	-1.0758	7.7413	13.311	909.19	-0.054337	0.30357	0.15098	liquid
80.000	98.333	1.5584	0.64168	-0.088365	-0.030304	-1.0761	7.7415	13.311	909.25	-0.054341	0.30362	0.15099	liquid
80.000	98.500	1.5585	0.64166	-0.088395	-0.030237	-1.0765	7.7418	13.310	909.31	-0.054346	0.30367	0.15100	liquid
80.000	98.667	1.5585	0.64165	-0.088425	-0.030170	-1.0769	7.7421	13.310	909.37	-0.054350	0.30372	0.15101	liquid
80.000	98.833	1.5585	0.64163	-0.088456	-0.030103	-1.0773	7.7423	13.310	909.42	-0.054354	0.30378	0.15102	liquid
80.000	99.000	1.5586	0.64162	-0.088486	-0.030036	-1.0777	7.7426	13.309	909.48	-0.054359	0.30383	0.15103	liquid
80.000	99.167	1.5586	0.64160	-0.088516	-0.029969	-1.0781	7.7429	13.309	909.54	-0.054363	0.30388	0.15104	liquid
80.000	99.333	1.5586	0.64159	-0.088546	-0.029902	-1.0785	7.7431	13.308	909.60	-0.054368	0.30393	0.15105	liquid
80.000	99.500	1.5587	0.64158	-0.088576	-0.029835	-1.0789	7.7434	13.308	909.66	-0.054372	0.30398	0.15106	liquid
80.000	99.667	1.5587	0.64156	-0.088606	-0.029768	-1.0793	7.7437	13.308	909.72	-0.054377	0.30404	0.15107	liquid
80.000	99.833	1.5587	0.64155	-0.088636	-0.029701	-1.0797	7.7439	13.307	909.78	-0.054381	0.30409	0.15108	liquid
80.000	100.00	1.5588	0.64153	-0.088666	-0.029634	-1.0801	7.7442	13.307	909.84	-0.054386	0.30414	0.15110	liquid
